T [ms],AccX [mg],AccY [mg],AccZ [mg],GyroX [mdps],GyroY [mdps],GyroZ [mdps],MagX [mgauss],MagY [mgauss],MagZ [mgauss],P [mB],T [°C],
1009855, 396, -88, -878, -840, 490, 630, 478, -64, 40, 982.31, 16.23
1009895, 404, -91, -878, -1470, 420, 490, 468, -64, 45, 982.32, 16.23
1009935, 406, -79, -877, -1820, 420, 280, 480, -70, 49, 982.30, 16.22
1009975, 398, -85, -878, -2030, 420, 420, 472, -60, 42, 982.27, 16.23
1010015, 399, -77, -881, -2100, 420, 420, 466, -60, 43, 982.34, 16.23
1010055, 403, -76, -877, -2100, 420, 490, 474, -64, 43, 982.33, 16.23
1010095, 406, -78, -876, -2030, 490, 490, 468, -58, 42, 982.29, 16.24
1010135, 406, -76, -878, -1960, 420, 490, 469, -63, 57, 982.34, 16.23
1010175, 403, -82, -875, -2100, 420, 560, 465, -67, 46, 982.33, 16.24
1010215, 403, -81, -879, -2240, 490, 490, 474, -63, 46, 982.33, 16.24
1010255, 405, -71, -881, -2170, 490, 420, 468, -60, 45, 982.29, 16.24
1010295, 402, -70, -880, -2030, 490, 420, 471, -64, 45, 982.25, 16.23
1010335, 397, -65, -884, -1890, 420, 350, 469, -58, 48, 982.27, 16.24
1010375, 398, -66, -879, -1610, 490, 420, 466, -58, 39, 982.35, 16.24
1010415, 408, -69, -878, -1540, 420, 490, 471, -55, 40, 982.28, 16.24
1010455, 414, -67, -875, -1400, 350, 420, 469, -57, 46, 982.31, 16.25
1010495, 413, -57, -876, -1330, 350, 490, 471, -54, 40, 982.28, 16.24
1010535, 402, -67, -880, -1190, 350, 840, 468, -63, 39, 982.28, 16.24
1010575, 397, -72, -879, -1190, 350, 1050, 466, -54, 39, 982.28, 16.25
1010615, 404, -96, -884, -1050, 210, 910, 465, -61, 48, 982.28, 16.25
1010655, 392, -112, -885, -1190, 350, 350, 468, -66, 46, 982.23, 16.24
1010695, 383, -63, -887, -1890, 490, -210, 471, -63, 39, 982.30, 16.25
1010735, 396, -68, -886, -2590, 420, 560, 472, -55, 43, 982.32, 16.25
1010775, 403, -85, -879, -2940, 490, 770, 478, -58, 52, 982.30, 16.25
1010815, 403, -92, -883, -3570, 490, 280, 465, -54, 46, 982.30, 16.26
1010855, 412, -40, -873, -3150, 280, -420, 475, -58, 51, 982.32, 16.26
1010895, 401, -87, -893, -1820, 350, -490, 462, -57, 43, 982.30, 16.26
1010935, 434, -44, -861, -1750, 700, -1540, 474, -52, 48, 982.30, 16.26
1010975, 425, -24, -864, -2310, 560, -1120, 480, -54, 33, 982.29, 16.27
1011015, 464, -66, -869, -2870, 490, 0, 474, -58, 46, 982.30, 16.26
1011055, 475, -89, -824, -3920, 770, 700, 471, -60, 48, 982.25, 16.28
1011095, 495, -119, -842, -4620, 700, 350, 462, -60, 39, 982.30, 16.28
1011135, 509, -86, -829, -4760, 840, -1050, 478, -57, 33, 982.33, 16.28
1011175, 502, -65, -839, -4410, 980, -1820, 474, -48, 40, 982.30, 16.28
1011215, 486, 2, -868, -3920, 1330, -2030, 477, -54, 39, 982.33, 16.28
1011255, 483, 5, -861, -2800, 1820, -1260, 472, -51, 36, 982.30, 16.29
1011295, 526, -49, -843, -3290, 2240, -420, 465, -43, 39, 982.33, 16.29
1011335, 515, -98, -774, -2380, 2310, -1120, 468, -49, 39, 982.30, 16.29
1011375, 521, -54, -787, -1890, 1400, -2660, 457, -49, 37, 982.29, 16.29
1011415, 548, -64, -803, -2240, 770, -2520, 469, -43, 40, 982.29, 16.29
1011455, 560, -112, -745, -3640, 630, -2310, 456, -45, 27, 982.31, 16.30
1011495, 569, -99, -806, -3990, -70, -3360, 456, -40, 39, 982.31, 16.29
1011535, 582, -32, -779, -4130, 140, -4480, 465, -31, 28, 982.32, 16.30
1011575, 586, -11, -853, -3010, -420, -5180, 462, -40, 34, 982.30, 16.30
1011615, 582, -12, -788, -770, -140, -6440, 457, -34, 36, 982.31, 16.30
1011655, 519, -14, -849, 1610, -980, -7070, 459, -39, 39, 982.34, 16.30
1011695, 549, -42, -799, 3990, -840, -8050, 447, -45, 46, 982.30, 16.30
1011735, 560, -49, -761, 5040, -630, -9100, 462, -45, 40, 982.26, 16.30
1011775, 529, -124, -849, 6160, -1050, -9940, 463, -52, 48, 982.29, 16.30
1011815, 436, -55, -857, 5460, -1260, -11620, 460, -52, 49, 982.32, 16.30
1011855, 528, -13, -863, 3920, -140, -10920, 475, -52, 52, 982.34, 16.30
1011895, 398, 50, -814, 2450, 0, -9520, 466, -58, 57, 982.36, 16.30
1011935, 465, 29, -937, 1750, -770, -5460, 478, -54, 51, 982.36, 16.30
1011975, 439, 47, -839, 70, 630, -3150, 469, -55, 54, 982.36, 16.29
1012015, 473, -16, -893, -1680, 350, -1540, 480, -63, 58, 982.32, 16.29
1012055, 301, -94, -861, -6580, 420, 1750, 471, -61, 60, 982.35, 16.28
1012095, 300, -39, -897, -8820, -980, 1330, 474, -55, 60, 982.30, 16.28
1012135, 444, 48, -769, -7910, -1330, 1610, 483, -60, 49, 982.36, 16.27
1012175, 412, -64, -899, -6090, -4060, 1960, 478, -54, 51, 982.31, 16.26
1012215, 512, -77, -952, -7770, -2800, -1050, 487, -52, 48, 982.29, 16.26
1012255, 492, 12, -909, -6790, 1120, -4760, 486, -48, 42, 982.28, 16.24
1012295, 468, 79, -809, -3220, 2310, -4340, 487, -54, 37, 982.30, 16.24
1012335, 345, 99, -918, -770, 1050, -3150, 484, -49, 43, 982.30, 16.24
1012375, 492, 28, -860, 1050, 1680, -840, 480, -54, 43, 982.33, 16.24
1012415, 447, -49, -782, 3850, 1260, -2170, 475, -46, 39, 982.34, 16.23
1012455, 547, -129, -984, 4060, 70, -4200, 477, -58, 42, 982.33, 16.23
1012495, 527, -41, -742, 3570, 2380, -7000, 471, -61, 42, 982.30, 16.22
1012535, 406, -12, -815, 4690, 2660, -7700, 466, -51, 52, 982.34, 16.21
1012575, 412, -23, -896, 4270, 1470, -6300, 459, -60, 49, 982.38, 16.21
1012615, 491, 9, -816, 2660, 1120, -5740, 462, -58, 51, 982.35, 16.19
1012655, 489, 34, -819, 2310, -700, -4690, 472, -66, 48, 982.35, 16.20
1012695, 534, -23, -928, 1820, -1050, -3360, 477, -57, 51, 982.32, 16.20
1012735, 427, 30, -901, 1400, 560, -3920, 466, -70, 54, 982.33, 16.20
1012775, 460, 63, -852, 770, 1610, -1820, 474, -75, 52, 982.32, 16.20
1012815, 471, 26, -754, -560, 1750, 630, 481, -66, 60, 982.29, 16.21
1012855, 373, 56, -873, -1260, -350, 1540, 477, -67, 55, 982.36, 16.20
1012895, 459, 146, -853, -910, 840, 3990, 477, -67, 48, 982.35, 16.18
1012935, 405, 7, -975, 140, 980, 6230, 475, -66, 52, 982.35, 16.17
1012975, 440, -145, -841, -1120, 2520, 5600, 483, -67, 48, 982.37, 16.18
1013015, 401, -195, -857, -3500, 1190, 1960, 471, -67, 51, 982.38, 16.18
1013055, 457, -33, -895, -2380, -420, -1610, 477, -70, 52, 982.28, 16.18
1013095, 520, 99, -881, -1400, 630, -2170, 472, -73, 52, 982.31, 16.17
1013135, 464, 30, -822, 1960, 1890, -770, 477, -66, 40, 982.34, 16.17
1013175, 411, -91, -858, 3640, 1330, -140, 471, -67, 33, 982.33, 16.17
1013215, 377, -89, -811, 5250, -210, -3570, 468, -64, 33, 982.32, 16.17
1013255, 408, 16, -955, 7000, -630, -5320, 463, -72, 39, 982.28, 16.17
1013295, 506, -53, -783, 8680, 700, -4620, 460, -76, 46, 982.33, 16.17
1013335, 552, -48, -847, 10010, 490, -5880, 466, -79, 51, 982.36, 16.18
1013375, 647, -31, -841, 10080, 210, -6650, 469, -82, 49, 982.34, 16.18
1013415, 690, -115, -719, 9380, -910, -5040, 471, -91, 52, 982.34, 16.18
1013455, 516, -58, -807, 6650, -140, -4900, 472, -93, 51, 982.36, 16.18
1013495, 354, -45, -851, 4760, 980, -2870, 477, -93, 57, 982.35, 16.17
1013535, 327, -12, -839, 1470, 910, -1680, 469, -90, 55, 982.36, 16.17
1013575, 386, -32, -1011, -980, -980, 280, 475, -90, 46, 982.31, 16.18
1013615, 351, 19, -828, -3080, 700, 2310, 468, -97, 43, 982.32, 16.17
1013655, 486, 167, -902, -2240, 560, 3010, 471, -93, 34, 982.26, 16.18
1013695, 382, 119, -856, -2450, 280, 7420, 471, -87, 39, 982.30, 16.18
1013735, 431, 16, -1058, -2940, 210, 10850, 468, -87, 42, 982.32, 16.17
1013775, 457, 56, -775, -3570, 3500, 11130, 472, -90, 39, 982.30, 16.17
1013815, 561, 164, -798, -4830, 3710, 12390, 466, -79, 45, 982.33, 16.17
1013855, 520, 69, -790, -3990, 2450, 15540, 456, -93, 52, 982.33, 16.16
1013895, 507, 63, -828, -4410, 840, 16940, 478, -91, 54, 982.37, 16.16
1013935, 541, 17, -839, -5180, 910, 18410, 468, -85, 55, 982.33, 16.16
1013975, 536, 16, -823, -7350, 2240, 18200, 463, -88, 60, 982.39, 16.15
1014015, 420, 31, -904, -7980, 1610, 19250, 471, -84, 57, 982.39, 16.15
1014055, 417, 64, -853, -8890, 2170, 20020, 480, -87, 52, 982.35, 16.16
1014095, 452, 32, -852, -9940, 2940, 22260, 471, -73, 51, 982.34, 16.15
1014135, 447, 27, -922, -10430, 1890, 22260, 465, -69, 52, 982.30, 16.14
1014175, 382, 34, -851, -7700, 3290, 20930, 463, -75, 51, 982.28, 16.14
1014215, 371, -33, -1002, -5740, -140, 16940, 465, -70, 37, 982.30, 16.13
1014255, 383, -54, -837, -4060, -700, 15610, 465, -63, 45, 982.32, 16.13
1014295, 463, -102, -901, -4130, -490, 14770, 453, -61, 46, 982.34, 16.12
1014335, 504, -94, -710, -5530, 1610, 13230, 453, -57, 48, 982.27, 16.11
1014375, 446, -4, -888, -8820, -910, 13230, 453, -55, 52, 982.32, 16.11
1014415, 514, -71, -828, -9870, -350, 14840, 472, -66, 57, 982.34, 16.11
1014455, 477, -117, -880, -12250, -210, 14280, 463, -49, 66, 982.37, 16.11
1014495, 468, -127, -879, -13860, -840, 12810, 481, -63, 60, 982.29, 16.11
1014535, 460, -31, -897, -15330, 630, 10010, 475, -45, 49, 982.33, 16.09
1014575, 409, -19, -857, -15750, 490, 8960, 468, -48, 46, 982.34, 16.10
1014615, 435, 44, -853, -15610, 910, 7490, 466, -37, 40, 982.37, 16.09
1014655, 361, 32, -863, -14070, -630, 7980, 463, -36, 42, 982.33, 16.09
1014695, 436, -15, -890, -12880, 840, 8540, 459, -22, 45, 982.35, 16.08
1014735, 387, -50, -784, -12880, 2240, 7560, 444, -25, 33, 982.34, 16.07
1014775, 385, -60, -1000, -12810, 280, 5320, 448, -19, 52, 982.32, 16.07
1014815, 438, 7, -862, -13720, 2940, 4200, 460, -9, 52, 982.31, 16.07
1014855, 486, 16, -803, -13370, 2590, 4550, 463, -3, 48, 982.31, 16.07
1014895, 496, 2, -804, -11760, 280, 3990, 454, -4, 51, 982.28, 16.06
1014935, 551, -30, -863, -10850, -70, 3850, 466, -6, 45, 982.24, 16.06
1014975, 473, 18, -894, -8610, -1190, 910, 456, 4, 39, 982.28, 16.05
1015015, 389, 42, -860, -7070, -1120, -700, 469, 0, 39, 982.31, 16.06
1015055, 390, -9, -940, -4060, -350, -1820, 450, 1, 45, 982.32, 16.05
1015095, 419, -28, -813, -630, 210, -2940, 457, 0, 36, 982.33, 16.05
1015135, 370, -7, -938, 1190, -910, -4410, 456, 3, 34, 982.30, 16.03
1015175, 410, -28, -863, 3150, -210, -5040, 453, 1, 33, 982.30, 16.03
1015215, 350, -54, -815, 3710, -210, -6860, 442, 1, 39, 982.29, 16.04
1015255, 379, 41, -1010, 3010, -3430, -7070, 454, -3, 46, 982.31, 16.04
1015295, 476, -65, -858, 2800, -770, -4480, 462, 1, 49, 982.27, 16.04
1015335, 463, -142, -930, 2660, 2730, -5670, 466, -3, 57, 982.27, 16.03
1015375, 521, -165, -695, 3080, 3010, -8680, 477, -7, 45, 982.28, 16.03
1015415, 500, -118, -915, 2240, -420, -11690, 475, -3, 36, 982.32, 16.02
1015455, 482, -49, -848, 3500, 840, -13930, 475, -10, 39, 982.34, 16.03
1015495, 429, -55, -832, 6020, 2030, -15750, 463, -18, 34, 982.33, 16.03
1015535, 427, -38, -934, 7560, 1050, -16240, 459, -13, 30, 982.32, 16.03
1015575, 368, -38, -891, 8890, 560, -15540, 463, -15, 40, 982.34, 16.02
1015615, 371, 0, -811, 8610, 1470, -14770, 453, -13, 42, 982.36, 16.01
1015655, 356, 48, -933, 8610, -420, -13230, 465, -27, 52, 982.36, 16.01
1015695, 338, 9, -951, 8470, -1260, -10710, 460, -36, 57, 982.29, 16.00
1015735, 453, 8, -852, 6650, 1400, -8540, 481, -33, 51, 982.28, 16.00
1015775, 392, 96, -877, 5250, -1120, -6440, 484, -36, 48, 982.29, 16.00
1015815, 531, 33, -819, 3430, 910, -2030, 477, -33, 48, 982.30, 15.99
1015855, 539, 47, -833, 3360, -70, -350, 471, -33, 49, 982.30, 15.99
1015895, 499, 110, -922, 4830, -210, 1610, 477, -40, 42, 982.30, 15.99
1015935, 408, 95, -968, 3850, -280, 3010, 463, -37, 36, 982.30, 15.97
1015975, 385, 23, -848, 2240, 2170, 6300, 468, -31, 52, 982.33, 15.96
1016015, 369, 46, -830, -1260, 1890, 8120, 456, -39, 54, 982.34, 15.96
1016055, 380, -18, -930, -3150, -140, 9520, 465, -39, 49, 982.31, 15.95
1016095, 434, -25, -767, -3220, 1400, 7840, 474, -40, 58, 982.35, 15.96
1016135, 483, -42, -946, -3360, 1260, 6860, 469, -39, 63, 982.38, 15.96
1016175, 577, -106, -634, -5320, 2450, 5670, 480, -42, 49, 982.39, 15.95
1016215, 440, 50, -1133, -6790, -420, 4620, 474, -31, 37, 982.35, 15.95
1016255, 580, -62, -598, -6510, 4410, 4830, 456, -31, 46, 982.31, 15.95
1016295, 379, -24, -975, -7210, -210, 1680, 469, -30, 45, 982.32, 15.95
1016335, 362, -110, -908, -4970, -2030, 70, 472, -28, 43, 982.32, 15.94
1016375, 343, -52, -896, -3010, -1260, -4270, 459, -34, 49, 982.31, 15.94
1016415, 460, 33, -921, -1470, -1400, -5110, 463, -31, 57, 982.38, 15.94
1016455, 374, 9, -821, -560, -350, -3360, 477, -30, 51, 982.41, 15.94
1016495, 330, -73, -877, -210, 140, -1890, 474, -34, 51, 982.36, 15.94
1016535, 354, -67, -941, -560, 1330, -3920, 471, -34, 57, 982.36, 15.94
1016575, 449, 44, -776, -630, 3080, -5670, 475, -36, 51, 982.36, 15.94
1016615, 389, 68, -969, 210, -3010, -3290, 466, -40, 49, 982.39, 15.94
1016655, 658, 181, -782, 210, 70, -1540, 474, -33, 46, 982.31, 15.94
1016695, 430, 48, -924, 3780, -1050, 2240, 456, -31, 39, 982.37, 15.94
1016735, 370, 0, -785, 4270, -280, 1960, 459, -39, 46, 982.33, 15.92
1016775, 376, -91, -1009, 5250, -1820, 1890, 460, -40, 54, 982.29, 15.92
1016815, 386, -122, -887, 3220, -140, 770, 460, -39, 55, 982.29, 15.91
1016855, 409, -22, -854, 350, 1750, -630, 475, -39, 61, 982.36, 15.90
1016895, 315, -18, -972, -840, -2100, 490, 478, -40, 52, 982.36, 15.89
1016935, 436, -47, -809, -840, -1190, 350, 474, -36, 40, 982.36, 15.89
1016975, 274, -42, -741, -1960, 980, 840, 471, -37, 40, 982.37, 15.88
1017015, 439, 19, -804, -1120, 3010, -1820, 468, -39, 43, 982.39, 15.88
1017055, 518, -20, -879, -1470, 910, 70, 460, -33, 43, 982.37, 15.87
1017095, 446, -57, -860, -490, -70, -2660, 466, -37, 48, 982.33, 15.87
1017135, 550, 44, -888, -1260, 560, -4270, 465, -39, 58, 982.31, 15.86
1017175, 298, -4, -965, -2730, -2380, -1540, 469, -45, 61, 982.33, 15.86
1017215, 393, 18, -855, -3850, -910, -210, 481, -43, 58, 982.31, 15.85
1017255, 362, -17, -917, -3430, -1050, 280, 474, -45, 58, 982.31, 15.85
1017295, 324, 55, -889, -3780, 2940, 700, 475, -42, 42, 982.29, 15.85
1017335, 312, -19, -853, -2660, 2380, 1820, 477, -33, 46, 982.31, 15.85
1017375, 474, -42, -865, -4410, 1120, 910, 472, -37, 43, 982.26, 15.84
1017415, 392, -77, -904, -3920, 1260, 420, 462, -28, 37, 982.28, 15.85
1017455, 419, 81, -836, -4340, 2380, -2100, 462, -30, 51, 982.34, 15.84
1017495, 404, 60, -919, -4690, -630, 1190, 465, -36, 58, 982.35, 15.84
1017535, 504, 46, -993, -4830, -490, 1120, 469, -36, 57, 982.29, 15.84
1017575, 307, 162, -587, -910, 1120, 6580, 475, -34, 60, 982.33, 15.84
1017615, 457, -246, -895, 1400, -280, 3920, 490, -27, 42, 982.38, 15.84
1017655, 377, -349, -953, 3360, 350, -3640, 471, -28, 48, 982.34, 15.84
1017695, 276, -121, -809, 770, 1260, -12180, 463, -30, 46, 982.34, 15.83
1017735, 230, -28, -1081, 350, -2380, -11340, 471, -33, 43, 982.30, 15.84
1017775, 432, 35, -821, 1890, 210, -11130, 468, -34, 48, 982.35, 15.83
1017815, 448, 29, -960, 4410, -280, -9940, 475, -37, 54, 982.35, 15.83
1017855, 332, 25, -789, 7420, -280, -10920, 480, -40, 60, 982.39, 15.83
1017895, 446, 51, -940, 9450, -420, -8190, 480, -43, 55, 982.34, 15.82
1017935, 363, 111, -843, 10010, -350, -5320, 481, -48, 54, 982.36, 15.82
1017975, 458, -65, -771, 11830, 1190, -3570, 478, -54, 49, 982.33, 15.81
1018015, 537, -83, -861, 9450, 420, -6440, 483, -57, 45, 982.30, 15.79
1018055, 506, -101, -926, 8540, -1260, -6790, 474, -61, 48, 982.33, 15.79
1018095, 462, 23, -913, 4760, -210, -5390, 475, -60, 36, 982.38, 15.78
1018135, 446, 12, -761, 3920, 1750, -2100, 456, -58, 43, 982.42, 15.78
1018175, 299, -27, -863, -350, 140, 1610, 471, -61, 46, 982.35, 15.77
1018215, 374, 29, -953, -1890, -630, 1890, 478, -64, 66, 982.39, 15.77
1018255, 402, 88, -879, -2450, -210, 1330, 484, -61, 67, 982.38, 15.76
1018295, 462, 119, -878, -1120, 140, 4270, 492, -57, 61, 982.34, 15.76
1018335, 413, -96, -863, -3920, 1190, 7700, 489, -67, 46, 982.39, 15.76
1018375, 437, -57, -780, -6580, 1190, 6650, 480, -63, 42, 982.31, 15.75
1018415, 432, 67, -975, -7280, 140, 3360, 480, -52, 46, 982.31, 15.74
1018455, 383, 95, -855, -7630, 140, 5110, 471, -55, 45, 982.37, 15.74
1018495, 473, 111, -861, -5460, -70, 5110, 468, -57, 51, 982.37, 15.74
1018535, 510, 39, -869, -2170, -140, 5320, 480, -52, 49, 982.38, 15.72
1018575, 468, -48, -799, -1190, 0, 6160, 483, -60, 63, 982.40, 15.72
1018615, 426, 19, -890, -910, -560, 3570, 484, -49, 55, 982.36, 15.72
1018655, 420, -53, -860, -210, 350, 3640, 477, -58, 54, 982.41, 15.71
1018695, 367, -125, -977, -560, -140, 3710, 474, -57, 43, 982.38, 15.71
1018735, 361, -119, -892, -1540, 910, 770, 475, -55, 37, 982.32, 15.71
1018775, 332, -73, -953, -1960, 140, -2100, 481, -49, 43, 982.32, 15.71
1018815, 403, -21, -829, -70, 2100, -2800, 462, -58, 49, 982.33, 15.70
1018855, 387, -84, -873, -210, 1400, -3080, 477, -49, 45, 982.34, 15.70
1018895, 435, -30, -926, 420, 350, -4410, 480, -55, 61, 982.37, 15.69
1018935, 511, -12, -851, 420, 2100, -4690, 481, -57, 51, 982.35, 15.69
1018975, 460, -118, -835, 980, 1750, -3150, 480, -60, 46, 982.32, 15.68
1019015, 498, -129, -839, -70, 2170, -4900, 466, -60, 43, 982.33, 15.68
1019055, 533, -108, -780, -560, 1750, -7070, 468, -51, 43, 982.30, 15.67
1019095, 449, -60, -860, -1190, -490, -8750, 460, -57, 52, 982.33, 15.67
1019135, 390, -75, -914, -1050, -490, -9030, 474, -60, 54, 982.34, 15.66
1019175, 412, 33, -913, 490, -560, -10850, 463, -63, 57, 982.39, 15.66
1019215, 369, 106, -918, 3080, -1540, -9940, 484, -60, 49, 982.39, 15.66
1019255, 349, 0, -883, 5950, -490, -5950, 480, -63, 51, 982.37, 15.65
1019295, 360, -2, -942, 4970, -1680, -2590, 478, -72, 60, 982.43, 15.64
1019335, 477, -33, -782, 3780, 700, -1190, 478, -67, 48, 982.41, 15.63
1019375, 393, 12, -916, 420, 70, -350, 471, -64, 40, 982.37, 15.63
1019415, 458, 40, -791, -2310, -70, 1820, 466, -63, 46, 982.38, 15.63
1019455, 480, 75, -885, -3850, -1120, 3570, 471, -67, 49, 982.40, 15.63
1019495, 516, 6, -879, -2520, -1330, 5530, 469, -60, 51, 982.38, 15.62
1019535, 416, 59, -871, -1610, 560, 3150, 484, -70, 64, 982.37, 15.61
1019575, 440, 60, -853, 70, 700, 3920, 486, -67, 55, 982.32, 15.61
1019615, 421, 4, -893, 1680, 560, 3990, 481, -67, 43, 982.31, 15.60
1019655, 369, -80, -888, 3010, 700, 3640, 472, -67, 46, 982.35, 15.59
1019695, 367, -99, -882, 3290, -210, 2240, 471, -58, 48, 982.42, 15.58
1019735, 325, 7, -904, 2590, 280, -700, 471, -70, 61, 982.36, 15.57
1019775, 376, 22, -929, 2310, 560, -210, 481, -66, 52, 982.36, 15.56
1019815, 424, 11, -885, 2590, 210, 1470, 486, -76, 55, 982.31, 15.56
1019855, 450, -7, -835, 1820, 910, 3570, 496, -73, 54, 982.35, 15.56
1019895, 494, -44, -868, 1470, 770, 3780, 486, -73, 48, 982.40, 15.55
1019935, 470, -26, -828, 1120, 350, 2240, 484, -72, 46, 982.40, 15.54
1019975, 455, -56, -868, 420, 420, 2380, 472, -72, 42, 982.40, 15.53
1020015, 431, -79, -878, 350, -140, 700, 465, -70, 45, 982.36, 15.52
1020055, 409, -80, -803, 70, -630, -280, 469, -67, 46, 982.38, 15.51
1020095, 422, -4, -1012, -1470, -2520, -840, 481, -70, 64, 982.38, 15.51
1020135, 361, 76, -811, -2660, -490, 70, 484, -72, 66, 982.38, 15.52
1020175, 378, 89, -1007, -3500, 70, 3570, 483, -73, 60, 982.30, 15.50
1020215, 343, 29, -762, -4270, 700, 6300, 474, -73, 52, 982.34, 15.50
1020255, 431, 0, -828, -4900, 210, 6720, 477, -69, 57, 982.34, 15.50
1020295, 350, 25, -942, -5740, -980, 6580, 474, -63, 52, 982.27, 15.50
1020335, 404, -29, -1031, -7070, -560, 6300, 483, -64, 61, 982.31, 15.49
1020375, 539, 108, -781, -7560, 3430, 5950, 486, -57, 61, 982.32, 15.49
1020415, 488, 23, -844, -6300, 630, 8260, 490, -55, 55, 982.37, 15.49
1020455, 430, 65, -870, -7350, 630, 8120, 477, -52, 49, 982.30, 15.48
1020495, 456, -44, -878, -6300, 2660, 8050, 481, -63, 64, 982.34, 15.47
1020535, 466, -27, -822, -5250, 2240, 5530, 481, -48, 37, 982.32, 15.47
1020575, 386, -41, -924, -4200, 1890, 4060, 474, -51, 40, 982.35, 15.47
1020615, 296, -64, -889, -2870, -980, 2870, 471, -46, 51, 982.33, 15.47
1020655, 308, -69, -1017, -910, -1540, -70, 483, -55, 64, 982.34, 15.47
1020695, 372, -41, -1110, -700, 1050, -2310, 495, -54, 54, 982.38, 15.47
1020735, 445, -95, -706, 280, 5600, -2310, 483, -55, 43, 982.35, 15.46
1020775, 406, 7, -905, -280, 2170, -3150, 478, -49, 43, 982.38, 15.45
1020815, 534, 8, -854, -1820, 2940, -910, 475, -46, 40, 982.39, 15.45
1020855, 399, 13, -651, -840, 3990, -1330, 475, -48, 46, 982.39, 15.44
1020895, 406, 45, -1011, 910, -280, -2380, 474, -57, 58, 982.45, 15.43
1020935, 472, -19, -814, 2450, -4690, -2380, 481, -52, 57, 982.42, 15.42
1020975, 450, -8, -898, 1050, -3850, -1190, 486, -49, 57, 982.42, 15.41
1021015, 405, 87, -899, -490, -280, -1820, 472, -58, 57, 982.33, 15.40
1021055, 194, 77, -908, 1330, -2730, 560, 484, -52, 58, 982.32, 15.38
1021095, 364, -80, -766, -1610, 770, 5740, 483, -48, 45, 982.31, 15.38
1021135, 414, -19, -882, -3500, 490, 3710, 463, -60, 46, 982.34, 15.36
1021175, 477, 58, -962, -4270, -420, 3780, 481, -49, 61, 982.42, 15.36
1021215, 519, 90, -732, -3920, 1890, 5250, 486, -55, 63, 982.38, 15.35
1021255, 393, -10, -1035, -2310, -910, 5670, 490, -52, 48, 982.42, 15.34
1021295, 443, -15, -1015, 560, 1610, 3920, 487, -46, 51, 982.50, 15.34
1021335, 457, -18, -839, 3290, 4690, 1750, 474, -49, 40, 982.52, 15.32
1021375, 393, -54, -821, 4340, 3710, 1260, 468, -55, 42, 982.43, 15.32
1021415, 469, -120, -831, 4130, 3150, 1890, 463, -55, 55, 982.38, 15.32
1021455, 390, -92, -912, 3640, 910, -420, 477, -64, 52, 982.37, 15.32
1021495, 352, -26, -798, 3220, 2800, -980, 478, -58, 51, 982.40, 15.32
1021535, 369, -87, -922, 2450, 2730, -420, 477, -58, 45, 982.36, 15.31
1021575, 328, 13, -983, 1750, -2310, -1470, 475, -70, 54, 982.37, 15.31
1021615, 345, 140, -1001, 3220, -2940, -1260, 475, -64, 40, 982.35, 15.29
1021655, 367, 150, -913, 3780, 350, 3220, 463, -67, 42, 982.30, 15.30
1021695, 399, 0, -841, 5040, 1120, 7560, 469, -64, 43, 982.42, 15.29
1021735, 408, 24, -818, 4900, 840, 6020, 475, -70, 57, 982.38, 15.28
1021775, 444, -45, -843, 3290, 420, 8330, 484, -70, 55, 982.42, 15.28
1021815, 411, -114, -917, 2030, 70, 8400, 492, -75, 46, 982.35, 15.28
1021855, 504, -101, -873, -630, 210, 7770, 477, -63, 45, 982.38, 15.28
1021895, 437, -12, -954, -3920, -840, 7280, 480, -69, 43, 982.42, 15.28
1021935, 350, -8, -757, -4760, -70, 7770, 474, -60, 54, 982.43, 15.27
1021975, 371, -38, -937, -5320, -1890, 8260, 478, -67, 57, 982.34, 15.27
1022015, 403, 39, -893, -5040, -980, 6510, 483, -66, 51, 982.41, 15.27
1022055, 416, 30, -765, -5250, 0, 7070, 487, -75, 55, 982.42, 15.27
1022095, 386, -48, -922, -5880, -840, 8890, 472, -66, 54, 982.42, 15.26
1022135, 531, -100, -836, -7210, 700, 8470, 481, -55, 45, 982.37, 15.26
1022175, 429, -52, -860, -9310, -1400, 6650, 478, -55, 42, 982.41, 15.26
1022215, 436, -22, -898, -10710, -910, 5950, 469, -54, 43, 982.44, 15.26
1022255, 449, 84, -894, -10220, 1260, 4760, 475, -46, 52, 982.42, 15.27
1022295, 384, 53, -832, -9100, 770, 5950, 480, -51, 60, 982.43, 15.26
1022335, 331, 34, -1020, -7140, -210, 5110, 490, -43, 48, 982.44, 15.26
1022375, 402, -9, -855, -4340, 1820, 4900, 487, -46, 46, 982.47, 15.25
1022415, 370, -98, -889, -3710, 2310, 3640, 481, -43, 45, 982.46, 15.26
1022455, 464, -25, -853, -5740, 3780, 2660, 472, -45, 54, 982.42, 15.24
1022495, 378, -11, -902, -8330, 910, 4690, 472, -51, 52, 982.39, 15.24
1022535, 293, 19, -871, -10920, -700, 5530, 475, -31, 58, 982.42, 15.23
1022575, 365, 33, -897, -11410, -350, 4690, 483, -42, 58, 982.36, 15.21
1022615, 348, 77, -969, -8260, -1260, 4830, 475, -33, 46, 982.39, 15.20
1022655, 437, -52, -843, -7280, -1470, 1120, 496, -36, 40, 982.46, 15.19
1022695, 465, 1, -836, -6860, -560, -3360, 484, -36, 39, 982.46, 15.19
1022735, 431, -42, -890, -5110, -1050, -3080, 472, -25, 46, 982.42, 15.18
1022775, 444, 60, -835, -3990, -490, -4550, 481, -30, 48, 982.38, 15.18
1022815, 375, 45, -925, -1680, 490, -2030, 478, -24, 63, 982.40, 15.18
1022855, 414, -30, -860, 560, 1750, -2380, 499, -24, 51, 982.41, 15.18
1022895, 378, -41, -921, 2660, 0, -3640, 492, -21, 48, 982.42, 15.17
1022935, 381, -61, -940, 3500, -980, -4900, 481, -25, 49, 982.39, 15.17
1022975, 435, -15, -886, 3290, 1400, -5250, 483, -31, 49, 982.43, 15.16
1023015, 424, -54, -879, 3500, 1050, -4130, 477, -33, 60, 982.46, 15.15
1023055, 442, 63, -826, 3500, 910, -4900, 483, -36, 57, 982.44, 15.15
1023095, 350, 23, -872, 4200, 70, -1820, 495, -33, 55, 982.44, 15.15
1023135, 366, -7, -880, 4970, -420, -700, 484, -34, 48, 982.44, 15.15
1023175, 465, -37, -930, 4620, 700, -840, 486, -27, 58, 982.45, 15.14
1023215, 396, 14, -888, 4900, 140, -1260, 481, -40, 49, 982.45, 15.14
1023255, 406, 10, -906, 3990, -1190, 210, 472, -40, 45, 982.42, 15.14
1023295, 350, 45, -798, 3780, -980, 1190, 480, -45, 61, 982.38, 15.14
1023335, 348, 10, -980, 2590, -2520, 3220, 487, -43, 67, 982.35, 15.13
1023375, 456, 14, -831, 1750, 420, 3710, 499, -36, 57, 982.41, 15.13
1023415, 405, -9, -782, 700, 910, 5530, 484, -39, 43, 982.44, 15.11
1023455, 371, -48, -1002, 140, -910, 5740, 480, -36, 37, 982.42, 15.11
1023495, 441, -15, -840, -420, -70, 4480, 478, -39, 46, 982.44, 15.10
1023535, 379, -21, -948, -700, -1190, 4060, 471, -49, 55, 982.43, 15.10
1023575, 409, 1, -831, -630, 1120, 2940, 483, -37, 61, 982.48, 15.09
1023615, 356, -18, -795, -840, -980, 3710, 484, -46, 48, 982.40, 15.09
1023655, 344, -3, -900, -560, -2520, 4480, 481, -39, 49, 982.39, 15.09
1023695, 439, -14, -945, -1400, -1330, 3990, 483, -42, 43, 982.40, 15.09
1023735, 483, 2, -949, -2520, 0, 4200, 475, -39, 34, 982.41, 15.08
1023775, 393, 26, -811, -2870, 1820, 4900, 469, -39, 48, 982.41, 15.08
1023815, 387, -23, -1078, -3360, -210, 5740, 484, -37, 54, 982.43, 15.07
1023855, 379, 10, -832, -4270, 2520, 4830, 483, -39, 58, 982.39, 15.07
1023895, 414, 10, -882, -5180, 4900, 5530, 490, -40, 46, 982.41, 15.06
1023935, 474, -41, -772, -6090, 5530, 6300, 481, -42, 39, 982.44, 15.05
1023975, 344, -39, -752, -6300, 1820, 4620, 471, -34, 58, 982.41, 15.04
1024015, 412, -3, -985, -6790, -2170, 3430, 472, -34, 52, 982.41, 15.03
1024055, 378, -42, -919, -5950, -2520, 3080, 480, -31, 57, 982.41, 15.02
1024095, 371, -50, -1019, -4830, -3360, 1190, 487, -43, 58, 982.42, 15.02
1024135, 402, 6, -952, -4130, -1750, 630, 490, -22, 54, 982.46, 15.02
1024175, 416, -45, -812, -3640, 70, 700, 487, -30, 52, 982.51, 15.02
1024215, 336, -50, -848, -2170, 210, -1260, 484, -30, 51, 982.45, 15.01
1024255, 453, 16, -687, -1400, 1960, -1820, 480, -25, 51, 982.41, 15.01
1024295, 421, -41, -929, -630, 560, -2030, 481, -24, 66, 982.41, 15.00
1024335, 472, -10, -931, -210, -560, -840, 493, -25, 64, 982.45, 14.98
1024375, 337, -1, -1019, -980, -1050, 490, 498, -34, 52, 982.46, 14.98
1024415, 323, 2, -754, -420, -140, 420, 484, -36, 46, 982.47, 14.98
1024455, 393, 31, -945, -1330, 420, 1540, 481, -28, 49, 982.46, 14.98
1024495, 439, -92, -788, -420, 1540, 2450, 480, -31, 57, 982.48, 14.97
1024535, 500, -20, -869, -910, 1330, 0, 481, -37, 66, 982.46, 14.98
1024575, 387, -2, -676, -770, -980, 350, 483, -30, 67, 982.43, 14.97
1024615, 282, -23, -905, -630, -4550, 490, 486, -27, 60, 982.43, 14.97
1024655, 289, -65, -1217, 350, -6230, -140, 484, -25, 52, 982.45, 14.97
1024695, 633, 19, -960, 1120, 1260, -2310, 484, -24, 48, 982.50, 14.97
1024735, 329, 33, -673, 770, 2520, 350, 475, -25, 48, 982.47, 14.98
1024775, 308, -12, -1034, 560, -2520, 1540, 469, -30, 63, 982.45, 14.97
1024815, 413, 26, -710, 350, 350, 1610, 487, -42, 72, 982.48, 14.97
1024855, 368, 1, -710, 560, 3010, 2170, 481, -28, 48, 982.43, 14.97
1024895, 608, -14, -1006, 210, 2940, 3570, 472, -28, 45, 982.44, 14.98
1024935, 353, 25, -806, -1540, -1820, 3570, 466, -30, 48, 982.40, 14.97
1024975, 353, -42, -1171, -1610, -3080, 4480, 477, -31, 58, 982.42, 14.97
1025015, 386, 9, -908, -1540, 1050, 3150, 480, -28, 66, 982.44, 14.97
1025055, 338, 20, -710, -1680, 910, 2660, 484, -33, 58, 982.43, 14.97
1025095, 335, 5, -971, -2310, 840, 3920, 475, -33, 43, 982.44, 14.97
1025135, 472, -94, -732, -2030, 1680, 4270, 487, -31, 45, 982.43, 14.96
1025175, 446, 29, -846, -3080, -350, 1540, 472, -28, 33, 982.51, 14.96
1025215, 394, -57, -964, -2030, -1680, 2450, 469, -39, 46, 982.45, 14.96
1025255, 404, 40, -988, -1120, -1400, 910, 480, -30, 63, 982.43, 14.96
1025295, 390, 14, -932, -1190, 210, 3080, 495, -45, 48, 982.50, 14.95
1025335, 349, -48, -874, -1330, 1540, 3080, 489, -28, 40, 982.53, 14.95
1025375, 393, -27, -840, -1400, 490, 1750, 483, -28, 42, 982.51, 14.94
1025415, 485, 10, -671, -1960, 2100, 1750, 478, -33, 52, 982.54, 14.95
1025455, 288, -37, -935, -2590, -2310, 2940, 483, -33, 43, 982.49, 14.95
1025495, 478, -15, -929, -2170, -2800, 1470, 489, -36, 37, 982.57, 14.95
1025535, 397, -4, -1048, -1260, -560, 1470, 486, -37, 46, 982.57, 14.94
1025575, 422, -40, -796, -1190, 840, 2240, 499, -43, 34, 982.53, 14.94
1025615, 321, -7, -1066, -1470, -910, 630, 487, -36, 24, 982.55, 14.94
1025655, 439, -38, -777, -770, 2730, 910, 475, -27, 39, 982.56, 14.93
1025695, 386, -10, -702, -350, 4200, -70, 486, -36, 43, 982.56, 14.93
1025735, 454, 15, -1003, -770, -420, 490, 502, -36, 49, 982.55, 14.92
1025775, 368, -17, -749, -70, 840, 2100, 489, -28, 40, 982.53, 14.92
1025815, 457, -32, -1013, -210, -770, 2030, 489, -31, 36, 982.48, 14.91
1025855, 369, -17, -985, 280, -560, 630, 483, -36, 40, 982.45, 14.90
1025895, 319, -4, -790, 490, 280, 1260, 493, -37, 42, 982.49, 14.89
1025935, 413, -24, -950, 700, -1260, 1610, 505, -43, 36, 982.51, 14.88
1025975, 343, -14, -697, 1470, -1680, 1960, 493, -40, 45, 982.53, 14.89
1026015, 386, -14, -1022, 1820, 1260, 1890, 501, -39, 31, 982.54, 14.88
1026055, 323, 30, -717, 1540, 2380, 1750, 489, -39, 33, 982.51, 14.88
1026095, 340, -23, -1009, 1960, -70, 3150, 489, -40, 34, 982.52, 14.87
1026135, 373, 20, -935, 2660, 560, 2800, 495, -46, 42, 982.50, 14.87
1026175, 489, 0, -808, 2310, 4480, 3920, 508, -46, 42, 982.50, 14.87
1026215, 413, -51, -934, 2310, 2240, 5110, 499, -43, 25, 982.54, 14.86
1026255, 377, 22, -878, 2100, 560, 4410, 489, -46, 25, 982.54, 14.86
1026295, 407, -33, -894, 3150, 2520, 5040, 478, -48, 34, 982.54, 14.85
1026335, 377, -38, -884, 4130, 2030, 4200, 493, -43, 36, 982.54, 14.85
1026375, 408, 25, -934, 4480, 560, 4410, 493, -42, 28, 982.58, 14.84
1026415, 431, 4, -769, 4690, 980, 6300, 486, -45, 31, 982.61, 14.83
1026455, 309, -3, -965, 5110, -2520, 6930, 474, -39, 25, 982.58, 14.83
1026495, 451, -20, -901, 5530, -420, 7420, 478, -48, 40, 982.54, 14.82
1026535, 317, 5, -736, 5670, -630, 7630, 483, -51, 46, 982.53, 14.81
1026575, 400, 28, -1083, 4690, -3360, 9380, 490, -57, 49, 982.52, 14.81
1026615, 451, -6, -985, 3640, 1260, 10920, 487, -37, 31, 982.56, 14.81
1026655, 527, 28, -792, 2520, 7140, 11760, 477, -40, 31, 982.53, 14.80
1026695, 292, 61, -851, 70, 4340, 13930, 474, -52, 34, 982.53, 14.79
1026735, 458, -34, -1243, 70, 4340, 15190, 474, -46, 40, 982.52, 14.79
1026775, 541, 4, -579, -350, 13160, 13860, 486, -40, 39, 982.52, 14.78
1026815, 353, -3, -877, -1610, 5040, 14770, 463, -39, 45, 982.53, 14.79
1026855, 260, -20, -1044, -2170, -560, 14770, 474, -40, 43, 982.57, 14.77
1026895, 464, -8, -874, -2030, 3780, 13720, 460, -43, 39, 982.56, 14.77
1026935, 427, -23, -851, -2170, 1680, 13650, 475, -40, 52, 982.52, 14.77
1026975, 330, 63, -985, -2730, -4410, 13860, 483, -42, 51, 982.51, 14.77
1027015, 314, 18, -799, -3780, -1050, 16240, 483, -36, 39, 982.54, 14.76
1027055, 424, -13, -871, -4900, 1050, 16520, 472, -28, 46, 982.57, 14.75
1027095, 500, 7, -1003, -6090, 1050, 16100, 465, -31, 55, 982.57, 14.75
1027135, 428, 18, -732, -7210, 3290, 16310, 480, -30, 55, 982.58, 14.75
1027175, 371, -58, -963, -6930, 840, 15820, 477, -33, 54, 982.57, 14.73
1027215, 316, -31, -831, -6860, 1260, 14280, 472, -31, 51, 982.53, 14.73
1027255, 420, -57, -954, -6720, 1400, 12880, 484, -31, 31, 982.55, 14.73
1027295, 378, -24, -899, -6160, 280, 11760, 457, -25, 49, 982.55, 14.73
1027335, 415, -16, -904, -5670, 140, 11340, 463, -19, 63, 982.55, 14.72
1027375, 341, 9, -892, -5180, 630, 11200, 475, -22, 64, 982.61, 14.71
1027415, 400, 11, -870, -5390, 1960, 12110, 478, -16, 45, 982.60, 14.70
1027455, 405, -32, -779, -5040, 2380, 12530, 465, -19, 46, 982.58, 14.70
1027495, 412, -14, -878, -5040, -700, 11760, 469, -22, 54, 982.59, 14.69
1027535, 400, -17, -965, -4970, -1260, 11830, 472, -24, 63, 982.52, 14.69
1027575, 425, -24, -918, -4970, 840, 11550, 474, -25, 51, 982.51, 14.68
1027615, 351, 36, -892, -5110, 700, 11410, 472, -19, 48, 982.52, 14.68
1027655, 357, -26, -858, -5530, 1260, 13020, 453, -19, 46, 982.54, 14.67
1027695, 392, -25, -907, -5110, 980, 12250, 448, -10, 52, 982.59, 14.67
1027735, 430, -3, -926, -6020, 770, 12320, 466, -12, 60, 982.60, 14.67
1027775, 376, 10, -925, -6650, 1610, 12740, 480, -15, 57, 982.57, 14.67
1027815, 387, 13, -876, -6930, 2800, 12880, 463, -7, 43, 982.56, 14.66
1027855, 427, -27, -892, -7840, 3010, 13510, 457, -13, 51, 982.58, 14.65
1027895, 382, -16, -827, -8050, 1960, 12950, 459, -15, 55, 982.53, 14.65
1027935, 368, -14, -866, -9170, 140, 12250, 471, -12, 60, 982.57, 14.64
1027975, 342, 6, -973, -9590, -1470, 12180, 465, -12, 48, 982.61, 14.63
1028015, 430, -19, -922, -10010, 490, 12110, 459, 1, 39, 982.59, 14.62
1028055, 400, 12, -890, -10920, 490, 11340, 447, -7, 36, 982.59, 14.62
1028095, 346, -9, -930, -10780, 980, 11620, 441, -6, 57, 982.59, 14.62
1028135, 452, -13, -796, -11410, 3360, 10920, 468, -1, 49, 982.59, 14.61
1028175, 389, 16, -840, -13090, 2940, 10990, 451, 6, 36, 982.59, 14.60
1028215, 379, -2, -830, -13440, 910, 10990, 447, 15, 36, 982.63, 14.59
1028255, 386, -23, -1024, -13930, -980, 9940, 453, 7, 42, 982.61, 14.58
1028295, 433, -28, -866, -13720, 350, 8890, 448, 12, 46, 982.61, 14.58
1028335, 332, 5, -930, -14490, -420, 6860, 462, 25, 42, 982.57, 14.57
1028375, 364, -34, -836, -14700, -70, 6790, 453, 25, 39, 982.57, 14.57
1028415, 374, -24, -877, -14630, 980, 4830, 442, 30, 25, 982.59, 14.57
1028455, 438, -16, -819, -13650, 350, 3780, 447, 36, 48, 982.57, 14.57
1028495, 402, -6, -926, -14350, -770, 2520, 453, 42, 46, 982.60, 14.57
1028535, 417, -3, -1013, -14000, -910, 3080, 447, 46, 19, 982.56, 14.57
1028575, 353, 20, -756, -14140, 2170, 3010, 445, 43, 27, 982.62, 14.57
1028615, 389, -68, -953, -14840, 560, 2450, 442, 57, 36, 982.65, 14.57
1028655, 353, 6, -727, -14490, 420, -840, 459, 55, 34, 982.65, 14.57
1028695, 409, -9, -987, -14910, -2450, -770, 454, 58, 34, 982.67, 14.56
1028735, 329, -67, -864, -14840, -1960, -1120, 450, 58, 19, 982.65, 14.56
1028775, 476, 0, -921, -14560, 350, -4410, 448, 64, 16, 982.72, 14.56
1028815, 314, -11, -851, -13860, -350, -4270, 441, 69, 30, 982.67, 14.54
1028855, 435, -59, -874, -12460, -280, -5950, 454, 70, 27, 982.68, 14.54
1028895, 329, 12, -831, -11830, -350, -6720, 453, 78, 15, 982.62, 14.52
1028935, 440, -98, -978, -10080, -140, -7350, 460, 76, 15, 982.63, 14.53
1028975, 499, -48, -939, -8050, 1610, -10710, 457, 81, 21, 982.69, 14.51
1029015, 357, -92, -914, -5670, 2940, -11970, 462, 81, 21, 982.64, 14.51
1029055, 363, 30, -1019, -4900, 2870, -14140, 465, 82, 28, 982.66, 14.50
1029095, 457, 15, -785, -2660, 5810, -12320, 453, 87, 9, 982.67, 14.50
1029135, 344, -44, -909, -1120, 3360, -10850, 442, 81, 18, 982.67, 14.50
1029175, 424, -43, -954, -420, 1890, -11760, 454, 88, 33, 982.62, 14.50
1029215, 422, 22, -902, 420, 1820, -11690, 471, 84, 16, 982.62, 14.50
1029255, 296, 50, -817, 1120, -1120, -9590, 463, 81, 15, 982.68, 14.50
1029295, 330, -81, -922, 1890, -2310, -7490, 459, 79, 21, 982.73, 14.49
1029335, 421, -28, -848, 3220, -1400, -9870, 469, 73, 30, 982.68, 14.47
1029375, 445, -28, -1005, 5810, 1120, -10430, 475, 67, 19, 982.63, 14.47
1029415, 470, -51, -923, 7420, 3920, -8890, 466, 78, 19, 982.66, 14.47
1029455, 375, -16, -954, 9800, 5460, -10150, 465, 72, 16, 982.68, 14.47
1029495, 414, -19, -956, 11550, 4690, -9380, 465, 58, 33, 982.71, 14.46
1029535, 445, 19, -831, 13510, 5740, -7420, 475, 64, 28, 982.70, 14.45
1029575, 289, -22, -1150, 14770, 2730, -5670, 472, 63, 27, 982.74, 14.44
1029615, 489, 4, -771, 15750, 6860, -5040, 456, 46, 33, 982.71, 14.44
1029655, 371, 14, -975, 16240, 2870, -3150, 469, 51, 37, 982.68, 14.44
1029695, 317, 45, -592, 16240, 1540, -630, 469, 37, 39, 982.70, 14.44
1029735, 310, -58, -1044, 15820, -3920, 1960, 477, 42, 30, 982.75, 14.44
1029775, 428, -11, -1068, 16450, -3920, 1890, 468, 34, 39, 982.69, 14.42
1029815, 470, -28, -763, 17360, 70, 2590, 468, 25, 51, 982.67, 14.41
1029855, 297, 48, -840, 16940, -1470, 4200, 483, 19, 61, 982.63, 14.40
1029895, 387, -31, -980, 18340, 3290, 6370, 474, 16, 42, 982.68, 14.40
1029935, 476, 1, -700, 19600, 4480, 7840, 472, 9, 48, 982.68, 14.39
1029975, 376, -17, -834, 19320, -1680, 8960, 475, -3, 60, 982.70, 14.38
1030015, 348, -17, -1033, 20440, -1960, 9450, 478, -13, 54, 982.66, 14.38
1030055, 429, -13, -891, 20580, 980, 11200, 484, -7, 54, 982.69, 14.37
1030095, 358, 70, -935, 19880, 210, 13090, 471, -27, 51, 982.65, 14.37
1030135, 307, 34, -805, 19040, 3360, 16170, 462, -31, 66, 982.68, 14.37
1030175, 473, 50, -965, 17360, 3360, 19250, 475, -18, 67, 982.73, 14.36
1030215, 431, 55, -914, 14630, 3010, 22400, 478, -34, 61, 982.70, 14.35
1030255, 440, 0, -997, 13650, 5250, 25060, 462, -34, 49, 982.78, 14.34
1030295, 423, -13, -610, 10640, 8120, 24500, 460, -42, 73, 982.69, 14.35
1030335, 270, 10, -964, 8470, 1120, 24710, 469, -49, 64, 982.70, 14.34
1030375, 348, 26, -934, 7560, -490, 25270, 469, -49, 63, 982.67, 14.33
1030415, 418, -59, -884, 6510, -1120, 26740, 457, -42, 54, 982.67, 14.32
1030455, 294, -2, -819, 4060, -1890, 24570, 444, -45, 69, 982.68, 14.32
1030495, 417, 8, -1165, 2800, 490, 25900, 468, -46, 67, 982.71, 14.30
1030535, 458, 97, -744, 0, 7490, 27160, 454, -40, 58, 982.75, 14.29
1030575, 379, 53, -972, -4340, 6440, 30310, 439, -52, 63, 982.78, 14.28
1030615, 450, 86, -884, -9310, 9520, 30940, 441, -34, 64, 982.68, 14.28
1030655, 428, 8, -914, -14000, 8330, 32690, 438, -27, 60, 982.76, 14.27
1030695, 353, 95, -1039, -19530, 4200, 30730, 439, -25, 48, 982.73, 14.27
1030735, 360, -31, -1212, -23940, 5040, 31080, 418, -15, 58, 982.71, 14.27
1030775, 411, 62, -703, -29610, 10780, 28280, 423, -4, 63, 982.72, 14.26
1030815, 335, -19, -1159, -35000, 7770, 27230, 426, 4, 52, 982.73, 14.25
1030855, 466, 30, -626, -38990, 11410, 24360, 415, 18, 42, 982.80, 14.24
1030895, 322, -132, -1018, -42350, 5600, 21980, 408, 22, 55, 982.74, 14.24
1030935, 469, -101, -881, -42000, 5530, 12880, 417, 37, 51, 982.74, 14.24
1030975, 328, -109, -863, -41020, 3220, 6370, 412, 48, 36, 982.72, 14.25
1031015, 363, -74, -859, -36610, 630, 630, 409, 69, 30, 982.74, 14.24
1031055, 288, -165, -847, -26600, -350, -10080, 405, 69, 42, 982.75, 14.24
1031095, 346, 0, -852, -22750, 3920, -10430, 420, 78, 27, 982.76, 14.23
1031135, 473, -59, -823, -20720, 5530, -10360, 400, 82, 15, 982.80, 14.23
1031175, 254, 10, -762, -18270, 3920, -10290, 406, 87, 21, 982.80, 14.22
1031215, 357, -47, -849, -16730, -1190, -9730, 423, 84, 25, 982.79, 14.20
1031255, 264, -14, -963, -15260, -6930, -10360, 432, 102, 21, 982.82, 14.20
1031295, 210, -38, -1127, -14630, -8820, -8680, 426, 111, 7, 982.80, 14.20
1031335, 370, -120, -750, -14000, -350, -9590, 403, 111, 1, 982.78, 14.19
1031375, 285, -34, -989, -13020, -2030, -11130, 435, 109, 18, 982.81, 14.18
1031415, 425, 2, -804, -12810, 2240, -10850, 438, 114, 4, 982.78, 14.17
1031455, 340, -48, -886, -12040, 1470, -9590, 429, 117, -7, 982.84, 14.16
1031495, 313, -38, -955, -11060, 140, -10500, 436, 121, 4, 982.86, 14.15
1031535, 281, -96, -1047, -8540, -630, -11620, 441, 124, -1, 982.85, 14.14
1031575, 325, -31, -1093, -5950, -840, -13930, 445, 127, -3, 982.83, 14.13
1031615, 285, -8, -937, -4480, 1680, -13300, 424, 127, 1, 982.81, 14.12
1031655, 353, -44, -868, -1750, 1260, -12460, 435, 130, 16, 982.85, 14.12
1031695, 177, 58, -1030, 350, -4620, -12810, 450, 126, 7, 982.84, 14.11
1031735, 398, 12, -863, 560, -280, -9590, 444, 124, 6, 982.82, 14.11
1031775, 194, -42, -926, 1120, -1050, -8190, 442, 118, 6, 982.84, 14.10
1031815, 382, -17, -957, 2170, 1890, -8960, 450, 129, 21, 982.85, 14.09
1031855, 275, -19, -867, 3430, 770, -9450, 447, 121, 12, 982.83, 14.08
1031895, 248, 32, -1018, 3640, -980, -8330, 445, 123, 3, 982.82, 14.08
1031935, 292, -46, -915, 4690, 770, -6930, 438, 126, 13, 982.87, 14.08
1031975, 262, -26, -941, 5040, -140, -7700, 444, 111, 30, 982.85, 14.08
1032015, 263, 25, -1141, 4760, -1470, -6650, 457, 118, 18, 982.83, 14.07
1032055, 334, -40, -829, 4760, 3640, -5040, 451, 112, 15, 982.84, 14.08
1032095, 159, 6, -958, 3920, 1820, -4760, 445, 102, 22, 982.84, 14.07
1032135, 280, -25, -874, 4620, 2380, -4410, 453, 97, 18, 982.87, 14.06
1032175, 175, 58, -972, 4340, -1120, -5320, 451, 103, 22, 982.89, 14.05
1032215, 177, -24, -954, 3640, -4620, -2730, 441, 109, 9, 982.90, 14.05
1032255, 242, -9, -927, 2800, -4060, -2170, 445, 103, 21, 982.90, 14.04
1032295, 236, -28, -955, 3990, -3990, -3990, 450, 90, 31, 982.86, 14.02
1032335, 337, 68, -1072, 3220, -2310, -3500, 459, 100, 19, 982.89, 14.01
1032375, 336, -34, -943, 2380, 1890, -910, 450, 105, 10, 982.90, 14.01
1032415, 206, -18, -953, 2380, 5110, -2590, 448, 99, 22, 982.86, 14.01
1032455, 257, 0, -895, 2730, 5810, -3220, 460, 102, 19, 982.91, 14.00
1032495, 274, -35, -1030, 3010, 4270, -3080, 451, 96, 19, 982.92, 14.00
1032535, 112, 14, -1024, 2030, -1470, -3360, 456, 93, 10, 982.90, 13.99
1032575, 261, 17, -1048, 1470, 140, -1610, 450, 90, 30, 982.95, 14.00
1032615, 270, -76, -962, 2940, 910, -2730, 466, 88, 18, 982.96, 14.00
1032655, 235, 42, -1010, 1680, 1190, -3640, 454, 84, 16, 982.92, 13.99
1032695, 308, -9, -829, 1050, 2730, -1400, 456, 88, 28, 982.87, 14.00
1032735, 160, -2, -960, 630, 980, -1820, 454, 85, 28, 982.90, 14.00
1032775, 276, -5, -861, 1470, 0, -2660, 468, 82, 25, 982.89, 13.99
1032815, 282, 93, -1171, 1540, -3640, -5110, 472, 78, 24, 982.89, 14.00
1032855, 157, -58, -845, 1330, 910, -1470, 453, 85, 10, 982.92, 14.00
1032895, 338, -27, -987, 1750, -770, -3430, 451, 79, 22, 982.96, 13.99
1032935, 264, 15, -935, 3080, -210, -3850, 460, 78, 30, 982.98, 13.99
1032975, 285, -17, -881, 1960, -560, -2520, 480, 69, 25, 982.92, 13.99
1033015, 205, -16, -1064, 1820, -2170, -2870, 465, 78, 24, 982.93, 13.99
1033055, 279, -10, -899, 2170, 1120, -2590, 463, 69, 34, 982.97, 13.98
1033095, 197, -20, -932, 2660, 770, -2660, 472, 67, 33, 983.01, 13.97
1033135, 123, -38, -993, 3150, 210, -2870, 478, 73, 24, 983.00, 13.97
1033175, 250, -21, -947, 2870, 1120, -4480, 477, 70, 19, 982.98, 13.98
1033215, 168, -17, -1021, 3290, -910, -3710, 456, 76, 18, 982.92, 13.97
1033255, 299, -57, -920, 5390, 210, -3570, 466, 66, 27, 982.93, 13.98
1033295, 292, 21, -926, 5950, -140, -3990, 484, 57, 40, 982.92, 13.97
1033335, 237, -18, -1004, 6090, -490, -2380, 460, 61, 25, 982.93, 13.98
1033375, 259, -21, -1161, 7070, 2240, -2520, 463, 64, 33, 982.97, 13.98
1033415, 328, -15, -764, 7910, 6790, -2030, 463, 57, 34, 982.97, 13.98
1033455, 204, -14, -1021, 9520, 3290, -2170, 478, 55, 42, 982.87, 13.97
1033495, 144, -17, -840, 11060, 3360, -1820, 483, 52, 36, 982.94, 13.99
1033535, 235, 11, -1080, 10990, -1050, -1190, 478, 40, 37, 982.94, 13.98
1033575, 54, 12, -951, 11620, -3640, 770, 471, 42, 37, 982.97, 13.98
1033615, 358, -7, -949, 10990, -2450, 3010, 474, 34, 52, 982.99, 13.98
1033655, 178, -7, -942, 12040, -2660, 2800, 481, 30, 51, 983.00, 13.98
1033695, 359, 57, -927, 9520, -420, 5320, 478, 34, 31, 983.02, 13.98
1033735, 219, -12, -1000, 9100, 70, 8120, 478, 30, 40, 983.05, 13.97
1033775, 286, -20, -968, 8960, 2100, 8470, 465, 30, 46, 983.05, 13.98
1033815, 253, 17, -920, 8400, 3640, 8470, 477, 25, 43, 983.05, 13.98
1033855, 293, -17, -869, 7630, 3780, 9520, 478, 21, 43, 983.00, 13.97
1033895, 33, 27, -943, 6720, -1330, 9660, 474, 16, 52, 983.00, 13.97
1033935, 237, 2, -1032, 6230, -2660, 11550, 460, 19, 42, 982.99, 13.96
1033975, 160, -20, -995, 5460, -4340, 12250, 462, 9, 36, 983.05, 13.96
1034015, 269, -20, -931, 4340, -2240, 12670, 465, 6, 54, 983.07, 13.96
1034055, 277, 73, -948, 2730, -1820, 13090, 484, 10, 57, 983.07, 13.96
1034095, 289, 69, -890, -350, 700, 16030, 468, 10, 49, 983.00, 13.96
1034135, 316, 7, -891, -2240, 1820, 18060, 459, 16, 43, 983.01, 13.96
1034175, 212, -15, -944, -3360, 980, 17430, 468, 13, 51, 983.05, 13.96
1034215, 251, -13, -983, -4620, 2030, 16940, 468, 21, 52, 983.03, 13.96
1034255, 250, -36, -993, -5880, 2100, 16030, 466, 16, 34, 983.09, 13.96
1034295, 203, 10, -998, -6790, 3430, 14700, 465, 25, 39, 983.04, 13.95
1034335, 205, -10, -823, -7770, 2380, 14560, 448, 25, 30, 982.99, 13.96
1034375, 78, -17, -1007, -8400, -2450, 14560, 448, 31, 34, 983.04, 13.96
1034415, 349, -27, -1004, -8890, 2590, 12880, 456, 34, 48, 982.99, 13.95
1034455, 364, -40, -928, -11550, 1890, 12110, 471, 39, 48, 982.98, 13.95
1034495, 240, 0, -989, -13160, 1890, 13300, 460, 46, 27, 983.01, 13.95
1034535, 276, 17, -985, -13300, 6580, 12740, 444, 48, 24, 983.01, 13.96
1034575, 278, -37, -839, -13510, 6720, 12110, 436, 55, 39, 983.00, 13.95
1034615, 234, -43, -907, -14280, 1820, 10780, 442, 48, 40, 983.01, 13.95
1034655, 263, -103, -984, -13300, 70, 8330, 442, 60, 28, 983.00, 13.96
1034695, 349, -44, -938, -13440, 2380, 4760, 448, 66, 25, 983.01, 13.96
1034735, 375, -12, -997, -12180, 700, 3780, 438, 63, 21, 983.08, 13.96
1034775, 218, -34, -942, -11200, -840, 2870, 426, 70, 22, 983.08, 13.96
1034815, 330, -76, -847, -10010, 3570, 2100, 442, 75, 30, 983.04, 13.96
1034855, 427, -26, -913, -9520, 3570, -280, 435, 75, 34, 983.11, 13.97
1034895, 246, 31, -712, -9380, 770, -280, 451, 76, 15, 983.12, 13.96
1034935, 192, -58, -1097, -8400, -4270, 770, 438, 85, 19, 983.15, 13.96
1034975, 259, -42, -935, -6720, -3360, -630, 438, 85, 27, 983.09, 13.95
1035015, 271, -30, -926, -6230, -3220, -1680, 442, 85, 33, 983.09, 13.95
1035055, 287, -4, -920, -5880, -3570, -1680, 453, 85, 42, 983.10, 13.94
1035095, 190, -5, -934, -5320, -1820, -1610, 444, 88, 24, 983.13, 13.93
1035135, 357, -38, -907, -5250, 2730, -1190, 442, 82, 21, 983.13, 13.93
1035175, 212, -12, -825, -4270, -1120, -2450, 444, 91, 13, 983.12, 13.93
1035215, 258, -20, -1109, -3290, -3780, -1890, 438, 85, 21, 983.06, 13.93
1035255, 293, -59, -969, -2940, -350, -1820, 444, 99, 42, 983.14, 13.93
1035295, 296, 20, -1041, -3080, 1750, -3290, 456, 82, 34, 983.09, 13.93
1035335, 277, 30, -886, -2940, 2940, -2100, 442, 102, 19, 983.12, 13.91
1035375, 149, -8, -1039, -2940, 630, -840, 438, 91, 27, 983.11, 13.92
1035415, 249, -39, -893, -2100, 2660, -700, 447, 91, 27, 983.15, 13.92
1035455, 195, -29, -926, -2380, -70, -1540, 445, 94, 37, 983.17, 13.91
1035495, 278, -18, -1032, -1960, -1610, -1890, 466, 93, 31, 983.10, 13.92
1035535, 251, -37, -877, -1820, -560, -2240, 454, 88, 25, 983.10, 13.92
1035575, 208, 45, -969, -2730, -420, -2240, 463, 91, 21, 983.16, 13.92
1035615, 208, -16, -969, -2240, -630, -770, 457, 91, 19, 983.12, 13.92
1035655, 261, -11, -999, -2380, -1260, -1470, 438, 103, 22, 983.10, 13.92
1035695, 256, -54, -1006, -1330, 1750, -1190, 448, 97, 37, 983.13, 13.92
1035735, 316, 1, -855, -1470, 3500, -2870, 463, 102, 33, 983.16, 13.91
1035775, 243, 48, -838, -2240, 1960, -2520, 451, 100, 28, 983.13, 13.92
1035815, 216, -28, -1118, -2310, -840, -630, 448, 91, 36, 983.16, 13.91
1035855, 237, -69, -934, -560, 1400, -1820, 439, 96, 34, 983.14, 13.93
1035895, 233, -15, -878, -630, 490, -3570, 442, 93, 37, 983.11, 13.93
1035935, 153, -9, -968, 350, -4620, -3150, 463, 99, 37, 983.11, 13.93
1035975, 144, -54, -940, 980, -4830, -3080, 465, 106, 30, 983.15, 13.94
1036015, 318, -37, -870, 1610, -490, -4690, 460, 99, 33, 983.14, 13.94
1036055, 297, 13, -1055, 1610, -2450, -4410, 459, 94, 18, 983.19, 13.94
1036095, 163, 1, -949, 2310, -490, -2310, 457, 91, 16, 983.17, 13.93
1036135, 308, -18, -1067, 3850, 4620, -3150, 450, 84, 36, 983.16, 13.92
1036175, 328, 53, -896, 3570, 5110, -3570, 462, 82, 40, 983.17, 13.93
1036215, 260, 2, -900, 2730, 3990, -1120, 463, 87, 30, 983.13, 13.93
1036255, 262, -28, -983, 3220, 1890, -210, 442, 85, 22, 983.13, 13.93
1036295, 200, 5, -1077, 3080, -1400, -630, 457, 87, 27, 983.11, 13.93
1036335, 180, -22, -1044, 3220, -1820, 210, 447, 87, 39, 983.11, 13.93
1036375, 251, -33, -919, 3360, 1120, 70, 460, 72, 36, 983.13, 13.93
1036415, 207, -17, -833, 3920, 3290, -350, 463, 84, 31, 983.09, 13.93
1036455, 377, 5, -850, 3430, 4340, 70, 468, 76, 30, 983.09, 13.94
1036495, 238, 30, -821, 3570, 840, 1190, 459, 75, 33, 983.14, 13.94
1036535, 193, -11, -951, 3920, -4060, 2730, 462, 81, 18, 983.20, 13.94
1036575, 277, 9, -1026, 4550, -5810, 2240, 456, 76, 24, 983.22, 13.94
1036615, 245, 6, -1066, 5110, -4270, 2520, 450, 67, 36, 983.16, 13.94
1036655, 238, -17, -987, 4060, -1400, 3850, 471, 64, 43, 983.16, 13.94
1036695, 304, 22, -916, 2380, 560, 4480, 484, 73, 27, 983.18, 13.94
1036735, 278, -25, -972, 1540, 2380, 5880, 453, 63, 34, 983.23, 13.94
1036775, 301, -33, -899, 1190, 5110, 5950, 459, 72, 27, 983.23, 13.93
1036815, 286, 37, -958, 770, 5740, 5460, 451, 64, 42, 983.25, 13.94
1036855, 254, -20, -911, 1610, 6020, 6090, 456, 64, 43, 983.25, 13.94
1036895, 450, -9, -1079, 1890, 4340, 5670, 462, 63, 45, 983.18, 13.93
1036935, 260, -8, -758, 1540, 6790, 6370, 457, 66, 36, 983.18, 13.94
1036975, 253, 2, -1006, -140, 2870, 6930, 459, 67, 30, 983.17, 13.94
1037015, 195, 2, -974, 280, 770, 7350, 454, 73, 27, 983.16, 13.93
1037055, 226, 0, -1049, -560, 70, 8050, 445, 67, 28, 983.16, 13.94
1037095, 346, 6, -869, -840, 2100, 8120, 435, 66, 31, 983.15, 13.93
1037135, 409, 15, -1028, -1890, 1890, 9450, 444, 69, 39, 983.17, 13.93
1037175, 430, 40, -858, -2870, 2730, 9590, 456, 66, 40, 983.15, 13.93
1037215, 402, 0, -846, -4830, 6160, 10640, 439, 70, 28, 983.21, 13.93
1037255, 469, 6, -939, -5040, 6860, 10640, 426, 67, 33, 983.24, 13.94
1037295, 357, -63, -931, -4060, 7280, 9240, 420, 72, 30, 983.23, 13.93
1037335, 343, -61, -1048, -3780, 6510, 8470, 420, 75, 28, 983.21, 13.93
1037375, 413, -95, -974, -3430, 8330, 7280, 426, 70, 33, 983.23, 13.93
1037415, 328, -15, -737, -2800, 7490, 4480, 432, 64, 30, 983.22, 13.93
1037455, 215, -14, -955, -1750, 3920, 4690, 420, 75, 21, 983.24, 13.93
1037495, 292, -68, -723, 140, 4620, 4270, 424, 75, 27, 983.19, 13.92
1037535, 279, -41, -833, 1330, -2730, 3430, 409, 76, 9, 983.22, 13.92
1037575, 397, -1, -865, 2030, -7770, 3220, 417, 78, 33, 983.27, 13.90
1037615, 211, -16, -942, 3570, -13650, 4200, 414, 70, 31, 983.27, 13.91
1037655, 205, -10, -1042, 4550, -13580, 4900, 435, 67, 33, 983.33, 13.90
1037695, 386, 9, -864, 3850, -6580, 5670, 435, 67, 22, 983.28, 13.91
1037735, 282, -17, -947, 3360, -5390, 7140, 424, 78, 21, 983.23, 13.91
1037775, 379, 52, -697, 3640, -1260, 10360, 423, 67, 27, 983.25, 13.90
1037815, 212, -20, -981, 3850, -1470, 10430, 417, 60, 37, 983.29, 13.91
1037855, 422, -51, -811, 4200, 2660, 11200, 432, 57, 34, 983.25, 13.91
1037895, 307, -38, -1097, 2870, 1260, 11690, 432, 57, 37, 983.25, 13.91
1037935, 354, 50, -904, 4060, 4970, 11270, 430, 54, 39, 983.30, 13.91
1037975, 301, 47, -893, 910, 5460, 14350, 421, 51, 31, 983.29, 13.91
1038015, 223, -49, -858, 1260, 5600, 16450, 414, 67, 22, 983.33, 13.90
1038055, 425, -42, -915, 1330, 5320, 14630, 408, 55, 22, 983.30, 13.90
1038095, 215, -34, -982, 1750, -840, 14980, 400, 51, 34, 983.28, 13.91
1038135, 419, 7, -837, -70, 1120, 16310, 406, 51, 36, 983.22, 13.90
1038175, 183, -3, -1083, -490, -4970, 16660, 429, 52, 25, 983.27, 13.90
1038215, 300, -45, -881, -70, -420, 16310, 394, 48, 19, 983.28, 13.89
1038255, 271, -6, -862, -630, -280, 16800, 394, 45, 25, 983.30, 13.88
1038295, 213, -43, -898, -700, -70, 17570, 403, 43, 28, 983.31, 13.88
1038335, 328, -27, -1017, 350, 490, 17150, 411, 45, 40, 983.32, 13.88
1038375, 283, 0, -853, -840, 2730, 17570, 414, 45, 36, 983.33, 13.88
1038415, 292, 26, -823, -770, 1400, 18620, 388, 55, 22, 983.30, 13.88
1038455, 290, -28, -1129, -140, -1470, 19110, 403, 39, 28, 983.25, 13.88
1038495, 201, -32, -1092, 350, 3640, 18830, 397, 42, 19, 983.28, 13.88
1038535, 388, -1, -855, -560, 9310, 19460, 385, 42, 24, 983.29, 13.88
1038575, 216, 39, -856, -2590, 2730, 21840, 387, 31, 36, 983.29, 13.88
1038615, 48, -39, -1106, -1610, -3500, 23380, 390, 40, 39, 983.35, 13.87
1038655, 387, 12, -899, -3500, 4060, 22120, 400, 45, 22, 983.36, 13.87
1038695, 307, -33, -830, -5460, 7000, 23730, 381, 39, 25, 983.31, 13.87
1038735, 376, 68, -944, -7350, 2730, 23730, 367, 43, 27, 983.30, 13.88
1038775, 19, 15, -1136, -7560, -4830, 27230, 375, 43, 39, 983.35, 13.88
1038815, 592, 92, -895, -10570, 6020, 27160, 370, 51, 30, 983.36, 13.88
1038855, 299, -17, -874, -11970, 8960, 28700, 378, 58, 25, 983.35, 13.88
1038895, 336, -47, -975, -12040, 7350, 27790, 361, 52, 27, 983.34, 13.88
1038935, 308, -86, -955, -12180, 8540, 25760, 352, 58, 19, 983.31, 13.88
1038975, 304, -67, -913, -12320, 10080, 22540, 339, 66, 21, 983.33, 13.89
1039015, 297, -35, -959, -12110, 7910, 21840, 337, 64, 18, 983.38, 13.90
1039055, 291, -36, -820, -11060, 6090, 19740, 339, 67, 21, 983.38, 13.89
1039095, 187, -29, -912, -9800, 1470, 18970, 346, 64, 30, 983.36, 13.90
1039135, 388, -21, -921, -8890, 1960, 18060, 352, 64, 7, 983.39, 13.90
1039175, 190, -64, -1039, -7840, -1680, 17710, 330, 79, 10, 983.35, 13.89
1039215, 277, 7, -961, -6650, -1400, 17220, 324, 70, 9, 983.40, 13.89
1039255, 238, 15, -966, -6720, -1190, 17640, 334, 66, 22, 983.38, 13.89
1039295, 160, -14, -1015, -4970, -490, 17710, 333, 63, 22, 983.36, 13.89
1039335, 262, -56, -832, -4060, 4970, 17220, 345, 57, 18, 983.39, 13.90
1039375, 314, -67, -1041, -3150, 5740, 16870, 324, 69, 13, 983.39, 13.90
1039415, 302, -6, -995, -2590, 6720, 16240, 328, 67, 10, 983.42, 13.90
1039455, 208, -4, -1082, -2730, 7280, 17430, 313, 66, 3, 983.45, 13.90
1039495, 207, 11, -1002, -3360, 8260, 19600, 312, 55, 7, 983.38, 13.90
1039535, 70, -101, -1550, -2380, 7350, 21210, 310, 63, 10, 983.35, 13.90
1039575, 440, 107, -620, -3570, 17500, 20650, 313, 63, 13, 983.38, 13.90
1039615, 138, -22, -771, -10150, 9100, 25690, 312, 61, -3, 983.41, 13.90
1039655, 99, -72, -1283, -7140, -1750, 24290, 292, 61, -6, 983.40, 13.90
1039695, 28, 7, -737, -5110, -280, 22400, 280, 66, -4, 983.38, 13.90
1039735, 138, -86, -1250, -8470, 3010, 24290, 279, 60, 6, 983.36, 13.90
1039775, 445, 23, -792, -7210, 5180, 23520, 291, 63, 18, 983.36, 13.90
1039815, 24, -82, -1087, -7910, -5390, 24430, 297, 64, 4, 983.38, 13.90
1039855, 233, 26, -748, -9030, 5460, 22610, 283, 64, 0, 983.43, 13.90
1039895, 667, 8, -970, -9380, 10430, 24010, 273, 63, 0, 983.38, 13.91
1039935, 145, -12, -660, -8750, 9450, 24640, 262, 61, -16, 983.42, 13.90
1039975, 557, 42, -1203, -6650, 5880, 23870, 249, 72, -16, 983.44, 13.91
1040015, 26, -74, -1010, -4830, 980, 24360, 262, 63, 3, 983.43, 13.91
1040055, 301, -17, -1099, -5320, 5110, 22330, 271, 61, 4, 983.45, 13.90
1040095, 218, -2, -911, -5460, 4970, 23730, 264, 57, -4, 983.46, 13.90
1040135, 266, -22, -842, -7350, 9380, 23800, 247, 61, -16, 983.48, 13.90
1040175, 386, -59, -914, -6720, 13440, 24710, 240, 43, -15, 983.43, 13.90
1040215, 353, 5, -628, -7140, 12880, 23870, 234, 54, -9, 983.41, 13.90
1040255, 216, 1, -999, -7070, 2590, 25620, 234, 57, -3, 983.43, 13.90
1040295, 260, 31, -1012, -6370, -980, 25620, 235, 48, -3, 983.43, 13.90
1040335, 218, -28, -1151, -5110, -1610, 26740, 240, 43, -13, 983.35, 13.90
1040375, 260, -37, -1100, -5390, 3010, 25270, 240, 43, -7, 983.35, 13.89
1040415, 344, -85, -832, -5740, 7910, 25130, 240, 46, -18, 983.44, 13.89
1040455, 124, -25, -812, -6930, 4200, 25270, 223, 40, -18, 983.47, 13.89
1040495, 327, 1, -1108, -5740, 6510, 25200, 202, 48, -21, 983.42, 13.89
1040535, 181, 25, -519, -6650, 10290, 25970, 208, 42, -6, 983.43, 13.89
1040575, 468, 32, -1215, -6230, 4480, 28280, 216, 33, -6, 983.43, 13.89
1040615, 108, 0, -967, -2730, -1750, 27860, 220, 31, -18, 983.46, 13.89
1040655, 160, -55, -1145, -5460, -1190, 29400, 213, 33, -22, 983.48, 13.89
1040695, 235, 0, -1071, -7070, 4970, 28490, 201, 36, -19, 983.45, 13.89
1040735, 333, -97, -1112, -6720, 11130, 28910, 190, 28, -21, 983.47, 13.89
1040775, 497, 86, -814, -11130, 14000, 29400, 172, 21, -13, 983.45, 13.89
1040815, 667, 2, -818, -14070, 19880, 34020, 175, 31, -16, 983.36, 13.89
1040855, 254, -49, -846, -12810, 16940, 32690, 171, 33, -30, 983.41, 13.88
1040895, 162, -47, -944, -11550, 9870, 30730, 169, 24, -31, 983.45, 13.87
1040935, 340, -55, -927, -10780, 10990, 28840, 168, 25, -46, 983.47, 13.87
1040975, 341, -38, -1021, -9730, 9590, 28000, 150, 18, -46, 983.47, 13.87
1041015, 314, -65, -975, -8610, 7490, 27090, 141, 15, -33, 983.49, 13.87
1041055, 444, -54, -1158, -8470, 12110, 25340, 136, 10, -33, 983.46, 13.87
1041095, 526, 140, -527, -7770, 16380, 23380, 150, 9, -40, 983.40, 13.87
1041135, 279, 2, -994, -9590, 8820, 29120, 127, 9, -51, 983.47, 13.87
1041175, 408, -23, -814, -7490, 11550, 27580, 118, 3, -48, 983.43, 13.88
1041215, 328, -80, -1062, -6930, 9450, 29050, 111, 3, -49, 983.48, 13.88
1041255, 417, 69, -898, -10920, 7490, 28840, 106, -6, -46, 983.44, 13.88
1041295, 205, -45, -1327, -12040, 4550, 29960, 108, -3, -46, 983.45, 13.88
1041335, 488, 157, -640, -14490, 18900, 28910, 90, 0, -69, 983.47, 13.88
1041375, 559, -41, -903, -18410, 19180, 35210, 93, -9, -72, 983.46, 13.88
1041415, 407, 12, -673, -17920, 15610, 34160, 76, -12, -87, 983.49, 13.89
1041455, 309, -102, -1299, -19040, 10850, 32060, 66, -9, -81, 983.48, 13.88
1041495, 540, -85, -904, -19320, 16310, 27930, 49, -9, -81, 983.48, 13.89
1041535, 293, 18, -1087, -18550, 11130, 25760, 46, -12, -78, 983.52, 13.89
1041575, 369, -75, -915, -16240, 9380, 23870, 57, -4, -93, 983.51, 13.88
1041615, 379, -57, -831, -13790, 11690, 21140, 46, -1, -97, 983.48, 13.88
1041655, 335, -50, -746, -10360, 7980, 18620, 36, -6, -102, 983.50, 13.88
1041695, 405, -61, -1011, -7280, 6650, 17500, 39, -10, -85, 983.52, 13.88
1041735, 450, -39, -867, -5810, 8330, 16660, 36, 0, -84, 983.52, 13.88
1041775, 403, 25, -951, -6230, 6090, 17780, 49, -7, -94, 983.48, 13.87
1041815, 455, -15, -1125, -5950, 5670, 18760, 46, -7, -94, 983.47, 13.87
1041855, 386, 21, -770, -6300, 10570, 19250, 37, -18, -105, 983.47, 13.87
1041895, 379, -32, -892, -6580, 9940, 21420, 18, -15, -105, 983.51, 13.87
1041935, 398, -62, -966, -5950, 8540, 22400, 36, -24, -93, 983.50, 13.87
1041975, 400, -28, -764, -7210, 7490, 21980, 40, -28, -105, 983.49, 13.87
1042015, 307, -71, -965, -7490, 3080, 21700, 39, -31, -109, 983.54, 13.86
1042055, 431, -7, -890, -6370, 3080, 20440, 28, -40, -111, 983.54, 13.86
1042095, 358, -33, -1004, -4970, 2520, 20860, 21, -45, -100, 983.52, 13.86
1042135, 428, -54, -934, -4130, 3780, 20440, 21, -51, -97, 983.52, 13.86
1042175, 349, 12, -937, -4270, 3220, 20720, 31, -57, -99, 983.53, 13.86
1042215, 430, -39, -938, -1960, 6930, 22050, 28, -51, -106, 983.47, 13.86
1042255, 432, 35, -817, -3640, 11130, 22680, 28, -64, -114, 983.50, 13.85
1042295, 524, -10, -989, -1960, 10990, 23100, 9, -67, -124, 983.56, 13.85
1042335, 392, 43, -664, -2590, 12460, 24430, 13, -72, -117, 983.57, 13.84
1042375, 363, -66, -835, -2940, 6510, 27370, 25, -78, -105, 983.54, 13.85
1042415, 245, 12, -1244, -3220, -350, 26250, 28, -88, -118, 983.53, 13.85
1042455, 433, -37, -776, -3780, 3640, 28280, 21, -90, -124, 983.57, 13.85
1042495, 329, -2, -857, -6930, 2030, 28770, 16, -91, -124, 983.56, 13.85
1042535, 258, -4, -1121, -7630, -2520, 29260, 24, -99, -114, 983.54, 13.85
1042575, 465, -34, -675, -7980, 6790, 30030, 21, -108, -108, 983.52, 13.85
1042615, 550, 55, -904, -10990, 7560, 30170, 30, -108, -117, 983.46, 13.84
1042655, 223, -48, -983, -10850, 4760, 32200, 27, -115, -118, 983.48, 13.84
1042695, 565, -3, -935, -12670, 11270, 31150, 27, -115, -130, 983.51, 13.85
1042735, 395, -13, -1045, -13230, 12110, 31290, 12, -124, -133, 983.51, 13.84
1042775, 397, 45, -764, -14770, 11970, 29960, 16, -121, -120, 983.50, 13.84
1042815, 293, 19, -798, -15190, 7700, 30870, 34, -141, -139, 983.55, 13.83
1042855, 303, -36, -1247, -12880, 10780, 29400, 22, -133, -142, 983.51, 13.83
1042895, 486, 2, -835, -17640, 19110, 27510, 16, -129, -136, 983.54, 13.83
1042935, 450, 33, -1150, -20580, 18060, 27510, 13, -135, -127, 983.53, 13.83
1042975, 412, 107, -561, -22820, 26040, 26950, 12, -136, -129, 983.56, 13.83
1043015, 661, 101, -864, -24780, 24920, 30240, 12, -142, -136, 983.56, 13.83
1043055, 159, -52, -1009, -21910, 8470, 30450, 19, -144, -147, 983.58, 13.83
1043095, 320, -108, -1053, -25060, 2450, 28980, 12, -145, -156, 983.56, 13.83
1043135, 289, -80, -1315, -27650, 630, 25270, 4, -147, -138, 983.59, 13.82
1043175, 349, 121, -812, -30240, 4760, 21840, 12, -145, -135, 983.56, 13.83
1043215, 370, 24, -828, -32690, 6160, 24080, 34, -151, -132, 983.60, 13.82
1043255, 448, -91, -877, -30940, 7420, 22330, 12, -145, -144, 983.57, 13.81
1043295, 420, -36, -692, -32270, 10920, 17780, 13, -139, -142, 983.54, 13.81
1043335, 493, -58, -1000, -32970, 7280, 16520, 22, -132, -132, 983.57, 13.80
1043375, 316, -104, -899, -33040, 4410, 13090, 21, -129, -145, 983.59, 13.81
1043415, 492, -25, -1031, -34650, 6230, 9170, 21, -133, -142, 983.60, 13.80
1043455, 366, -56, -839, -33110, 3850, 6160, 27, -133, -153, 983.57, 13.79
1043495, 281, -95, -866, -31360, 1610, 3640, 7, -120, -150, 983.60, 13.79
1043535, 330, -98, -677, -29050, 1190, 840, 0, -111, -129, 983.60, 13.79
1043575, 327, -144, -999, -26460, -3710, -3500, 19, -111, -126, 983.64, 13.77
1043615, 450, -73, -912, -23730, -560, -8330, 21, -90, -136, 983.63, 13.77
1043655, 355, -41, -685, -21630, 0, -8960, 18, -93, -136, 983.64, 13.76
1043695, 404, -97, -1102, -17920, -2870, -10990, 9, -85, -129, 983.61, 13.75
1043735, 413, -66, -707, -13160, 1960, -14770, 12, -81, -121, 983.55, 13.76
1043775, 490, -48, -848, -7910, 3010, -16030, 18, -69, -133, 983.63, 13.76
1043815, 304, -81, -1007, -3710, -1050, -15610, 15, -79, -132, 983.55, 13.75
1043855, 355, -65, -818, -350, 420, -16310, 13, -70, -151, 983.58, 13.75
1043895, 465, -53, -1017, 3430, 1190, -16170, -10, -61, -147, 983.64, 13.75
1043935, 345, 63, -697, 6580, -140, -16730, 7, -63, -135, 983.59, 13.75
1043975, 391, 29, -1078, 8260, -2310, -12740, 10, -72, -132, 983.57, 13.75
1044015, 420, 45, -934, 10080, 1400, -9590, 3, -57, -154, 983.63, 13.75
1044055, 432, 35, -699, 8330, 1960, -5320, -1, -64, -141, 983.57, 13.75
1044095, 246, 9, -996, 7210, -3010, -2450, -9, -66, -132, 983.64, 13.76
1044135, 513, -16, -851, 6440, 420, -910, 6, -58, -133, 983.65, 13.75
1044175, 407, -23, -777, 4760, 980, -420, 12, -64, -133, 983.63, 13.76
1044215, 319, 14, -900, 3780, -3780, 420, 13, -64, -138, 983.60, 13.75
1044255, 352, -12, -985, 2100, -2940, 2240, 0, -60, -144, 983.64, 13.76
1044295, 461, -27, -822, 1960, 770, 2380, 6, -75, -139, 983.61, 13.75
1044335, 356, -51, -921, 1050, -700, 1260, 18, -64, -129, 983.63, 13.75
1044375, 421, 32, -970, 1190, 210, 1400, 18, -73, -142, 983.65, 13.75
1044415, 412, -15, -708, 1260, 2170, 2380, 4, -72, -147, 983.67, 13.75
1044455, 433, -4, -779, 1050, 0, 2170, 3, -72, -135, 983.67, 13.75
1044495, 263, -11, -1049, 910, -4410, 1610, 13, -69, -139, 983.66, 13.74
1044535, 466, -18, -770, 1820, -4480, 2100, 19, -75, -144, 983.63, 13.75
1044575, 292, 68, -1064, 1750, -4620, 1680, 12, -76, -132, 983.68, 13.75
1044615, 424, -46, -675, 2240, 2520, 3710, 1, -69, -154, 983.65, 13.75
1044655, 458, 44, -881, 1330, 420, 2520, 3, -66, -144, 983.65, 13.75
1044695, 316, 32, -962, 1260, -980, 3920, 7, -73, -135, 983.60, 13.74
1044735, 561, 11, -797, 350, 2940, 5530, 27, -72, -133, 983.63, 13.75
1044775, 257, -13, -907, -910, -1470, 5320, 13, -73, -139, 983.61, 13.74
1044815, 381, -16, -897, -1400, -980, 6020, 4, -73, -139, 983.63, 13.74
1044855, 334, 11, -903, -2170, -2240, 5390, 13, -76, -136, 983.63, 13.74
1044895, 394, -62, -1230, -2380, -630, 5250, 12, -75, -139, 983.66, 13.74
1044935, 524, -15, -643, -3010, 6930, 4060, 33, -76, -141, 983.66, 13.74
1044975, 273, 39, -795, -4830, 3430, 4480, 18, -75, -156, 983.63, 13.73
1045015, 396, -28, -881, -4340, 2030, 4620, 12, -78, -151, 983.61, 13.73
1045055, 495, 2, -959, -3920, 2800, 3360, 16, -82, -132, 983.62, 13.72
1045095, 332, -46, -1041, -4620, -2940, 3010, 34, -73, -148, 983.61, 13.73
1045135, 351, -25, -923, -7280, 70, 3360, 18, -81, -148, 983.60, 13.72
1045175, 375, 6, -833, -7700, 3430, 2450, 6, -78, -141, 983.57, 13.72
1045215, 424, 69, -916, -7140, 2870, 1470, 25, -88, -127, 983.65, 13.72
1045255, 350, -64, -799, -7070, 2030, 2870, 33, -85, -129, 983.61, 13.72
1045295, 374, -31, -999, -7630, 210, 1540, 27, -84, -121, 983.65, 13.71
1045335, 406, -43, -953, -8050, 2240, 490, 31, -90, -129, 983.63, 13.71
1045375, 348, -42, -822, -7490, 3290, -1260, 16, -90, -111, 983.69, 13.70
1045415, 264, 25, -1020, -6300, -210, -3010, 21, -93, -112, 983.72, 13.70
1045455, 296, 18, -726, -6020, -1190, -1960, 25, -85, -120, 983.74, 13.70
1045495, 194, -63, -917, -5460, -7490, -840, 19, -94, -120, 983.70, 13.70
1045535, 228, -36, -870, -5600, -7910, -2870, 3, -82, -106, 983.70, 13.70
1045575, 310, 27, -842, -6510, -8260, -4060, 21, -85, -99, 983.75, 13.70
1045615, 177, -64, -896, -5040, -11130, -3500, 31, -81, -102, 983.71, 13.69
1045655, 299, 17, -999, -5670, -7910, -4620, 27, -66, -109, 983.68, 13.69
1045695, 406, -62, -904, -5740, -3150, -3430, 34, -72, -124, 983.70, 13.69
1045735, 314, 18, -866, -6370, -1400, -4970, 19, -72, -111, 983.73, 13.69
1045775, 351, -16, -942, -6300, -770, -4900, 21, -70, -97, 983.79, 13.69
1045815, 263, -22, -1064, -6510, -840, -5110, 40, -67, -111, 983.73, 13.68
1045855, 257, 2, -903, -6160, 1050, -6090, 18, -58, -120, 983.72, 13.68
1045895, 247, -77, -1069, -5180, 1120, -5460, 19, -64, -102, 983.75, 13.67
1045935, 193, -50, -869, -4830, 3290, -8540, 27, -60, -100, 983.75, 13.66
1045975, 317, -37, -848, -2800, 2170, -9730, 25, -52, -111, 983.75, 13.66
1046015, 225, -1, -1021, -1400, -1610, -10360, 30, -51, -120, 983.75, 13.66
1046055, 338, 21, -875, -280, -560, -9520, 25, -57, -118, 983.74, 13.66
1046095, 264, 7, -1025, -140, -1050, -9240, 13, -36, -115, 983.75, 13.66
1046135, 392, -7, -895, 1400, 1610, -8750, 22, -39, -108, 983.71, 13.66
1046175, 229, 8, -764, 1470, -70, -8470, 31, -37, -102, 983.74, 13.66
1046215, 248, 26, -960, 910, -3920, -6510, 33, -31, -121, 983.73, 13.67
1046255, 277, 4, -950, -420, -2030, -5810, 33, -33, -108, 983.77, 13.67
1046295, 223, -11, -1028, -560, -2450, -6580, 40, -36, -97, 983.78, 13.67
1046335, 414, -53, -927, -560, 1890, -6510, 37, -30, -109, 983.79, 13.66
1046375, 354, 23, -883, -1820, 6510, -7980, 42, -28, -106, 983.77, 13.67
1046415, 412, 16, -870, -2240, 6510, -6720, 30, -31, -121, 983.75, 13.66
1046455, 355, -47, -1081, -2450, 5460, -6300, 22, -24, -115, 983.75, 13.66
1046495, 383, -52, -763, -1750, 8260, -7980, 27, -24, -111, 983.74, 13.66
1046535, 313, 4, -1244, -2590, 3220, -9520, 25, -18, -118, 983.77, 13.65
1046575, 421, -63, -936, -1470, 6440, -9520, 34, -22, -124, 983.70, 13.65
1046615, 248, -42, -522, -1680, 7350, -10220, 21, -24, -139, 983.74, 13.64
1046655, 338, -2, -1271, -1470, -2310, -11620, 25, -16, -120, 983.77, 13.64
1046695, 346, 9, -488, 140, 2030, -11340, 31, -16, -133, 983.80, 13.64
1046735, 367, -43, -1243, 560, -4550, -11270, 36, -6, -133, 983.77, 13.64
1046775, 223, -33, -891, 2100, -2800, -12180, 37, -15, -133, 983.79, 13.65
1046815, 579, -45, -821, 2870, 5950, -12180, 37, -4, -150, 983.78, 13.65
1046855, 241, -25, -676, 6370, 1960, -14560, 33, -16, -130, 983.74, 13.65
1046895, 401, 28, -1025, 7910, -1820, -14490, 45, -15, -126, 983.80, 13.64
1046935, 400, -87, -955, 10220, -2240, -12530, 19, -18, -130, 983.76, 13.65
1046975, 366, -34, -995, 10150, -210, -13160, 18, -15, -133, 983.77, 13.65
1047015, 334, 69, -882, 9240, 1960, -11200, 10, -16, -127, 983.76, 13.64
1047055, 256, 46, -732, 9170, 2170, -8750, 10, -10, -120, 983.76, 13.65
1047095, 424, -21, -938, 9100, 1470, -6230, 4, 3, -123, 983.83, 13.64
1047135, 349, -9, -977, 8190, -1680, -6020, 10, 9, -133, 983.84, 13.64
1047175, 421, -48, -880, 6090, 1540, -4340, -1, 13, -132, 983.76, 13.64
1047215, 321, 13, -726, 5040, 1190, -4620, 6, 10, -112, 983.78, 13.64
1047255, 454, 84, -874, 4970, -560, -4970, 19, 9, -106, 983.82, 13.64
1047295, 171, -14, -775, 5460, -4060, -2520, 18, 21, -120, 983.85, 13.64
1047335, 248, -47, -1296, 5390, -8960, -2380, 15, 6, -115, 983.87, 13.64
1047375, 196, -73, -704, 5320, -2590, -3010, 24, 9, -115, 983.86, 13.64
1047415, 299, 11, -1071, 3710, -4550, -5040, 36, 7, -106, 983.87, 13.64
1047455, 283, 21, -1009, 5600, -700, -4760, 33, 3, -129, 983.87, 13.63
1047495, 522, 26, -792, 5320, 6230, -3500, 36, 15, -136, 983.86, 13.64
1047535, 272, 33, -952, 5320, -490, -2940, 22, 0, -127, 983.90, 13.64
1047575, 370, 18, -990, 4130, 700, -840, 22, 0, -114, 983.90, 13.64
1047615, 232, -29, -963, 4550, -700, -910, 46, -10, -108, 983.85, 13.64
1047655, 139, 26, -1043, 3640, -2940, -1400, 36, -4, -126, 983.85, 13.64
1047695, 249, -36, -874, 3080, 210, -910, 27, -4, -120, 983.93, 13.65
1047735, 198, -50, -939, 2170, 280, -840, 36, -6, -112, 983.93, 13.65
1047775, 260, -19, -883, 2940, 630, -1820, 39, -12, -109, 983.89, 13.65
1047815, 349, -15, -802, 3290, -910, -2170, 34, -3, -118, 983.91, 13.65
1047855, 386, -11, -1046, 3780, -2100, -3010, 45, -1, -120, 983.84, 13.65
1047895, 380, 6, -745, 5740, 280, -2380, 18, 4, -120, 983.90, 13.65
1047935, 452, -5, -932, 9030, 350, -2660, 31, -7, -111, 983.88, 13.64
1047975, 362, -50, -824, 8680, 2800, -1890, 40, -4, -111, 983.88, 13.64
1048015, 336, 52, -1015, 7630, 700, -1960, 27, -7, -118, 983.87, 13.64
1048055, 366, -28, -765, 7770, 3780, 1400, 19, 0, -117, 983.89, 13.63
1048095, 402, -15, -948, 6160, 1540, 2240, 28, -4, -105, 983.87, 13.64
1048135, 396, 43, -905, 4970, 980, 1820, 24, -3, -111, 983.93, 13.63
1048175, 402, 8, -717, 2870, 1750, 3990, 21, -10, -118, 983.94, 13.63
1048215, 258, 41, -1070, 1540, -3290, 5180, 37, -10, -126, 983.89, 13.63
1048255, 522, -1, -836, 1190, 2870, 7140, 24, -16, -118, 983.90, 13.62
1048295, 382, -19, -839, -840, 980, 5810, 36, -13, -105, 983.89, 13.62
1048335, 319, -20, -997, -1960, -2310, 5040, 40, -15, -111, 983.94, 13.61
1048375, 440, 9, -736, -3710, 3010, 5110, 27, -15, -123, 983.93, 13.61
1048415, 342, 8, -782, -4690, -1890, 5110, 28, -27, -100, 983.89, 13.61
1048455, 295, 10, -779, -5460, -5950, 4200, 33, -22, -96, 983.92, 13.60
1048495, 323, -26, -826, -5880, -7910, 4620, 40, -12, -96, 983.96, 13.60
1048535, 394, -17, -1186, -6790, -8470, 2940, 51, -4, -105, 983.95, 13.59
1048575, 379, 20, -748, -7630, -1330, 2590, 39, -12, -105, 983.95, 13.59
1048615, 376, -9, -869, -8890, 700, 2450, 37, -9, -82, 983.85, 13.59
1048655, 477, 4, -670, -8400, 4410, 770, 48, -13, -84, 983.88, 13.59
1048695, 452, -20, -1121, -9170, 1680, 70, 30, -15, -99, 983.86, 13.59
1048735, 361, -8, -964, -9170, 630, -840, 22, -6, -93, 983.91, 13.59
1048775, 543, -67, -989, -9870, 4620, -700, 27, -10, -91, 983.96, 13.59
1048815, 215, -28, -943, -8190, 5530, -4200, 34, 0, -91, 983.97, 13.59
1048855, 492, -56, -748, -5600, 8400, -6230, 34, 0, -105, 984.00, 13.59
1048895, 320, -86, -1061, -3290, 2590, -8190, 28, 3, -102, 983.99, 13.58
1048935, 398, -87, -700, -210, 2590, -9450, 24, 3, -97, 984.02, 13.59
1048975, 467, -56, -936, 980, 70, -10500, 39, 12, -103, 983.96, 13.59
1049015, 301, 105, -1012, 2170, -2870, -10220, 31, 13, -108, 983.93, 13.59
1049055, 441, 123, -791, 2450, 1330, -5740, 18, 12, -99, 983.94, 13.58
1049095, 285, 13, -1043, 140, -2730, -1470, 36, 9, -91, 983.97, 13.58
1049135, 398, -13, -649, -1260, 2800, -840, 42, 15, -106, 983.95, 13.58
1049175, 345, -1, -990, -3780, -1470, -490, 36, 16, -108, 984.02, 13.59
1049215, 404, -53, -867, -4900, -770, -630, 24, 16, -114, 984.01, 13.58
1049255, 387, -72, -851, -5460, 630, -1890, 31, 15, -102, 983.95, 13.58
1049295, 415, 23, -835, -5530, -280, -4270, 39, 19, -108, 984.03, 13.58
1049335, 426, 5, -1115, -4690, -840, -4830, 30, 19, -118, 984.00, 13.58
1049375, 336, -24, -721, -3290, 2450, -4830, 31, 18, -105, 984.02, 13.57
1049415, 296, -21, -1200, -2800, -1260, -5670, 37, 36, -109, 984.02, 13.57
1049455, 439, -14, -521, -2100, 5600, -7070, 37, 34, -108, 984.00, 13.57
1049495, 191, 27, -995, -1680, -3220, -6650, 25, 37, -114, 984.01, 13.56
1049535, 394, -56, -1014, -210, -2800, -5670, 22, 39, -106, 984.01, 13.56
1049575, 237, -56, -635, 1190, -5040, -8330, 37, 37, -103, 984.02, 13.55
1049615, 378, 74, -1279, 2870, 4550, -5460, 31, 45, -118, 984.01, 13.54
1049655, 262, -46, -839, 3010, 1610, -4970, 18, 42, -111, 984.05, 13.54
1049695, 405, -3, -857, 3360, 3640, -5950, 25, 48, -103, 984.07, 13.54
1049735, 216, -28, -937, 4620, -1190, -5530, 33, 49, -105, 984.08, 13.53
1049775, 279, 4, -915, 4060, -3570, -4900, 48, 49, -99, 984.10, 13.53
1049815, 222, -29, -940, 3920, -5110, -3710, 39, 51, -105, 984.02, 13.52
1049855, 321, 0, -958, 4060, -1050, -3640, 55, 54, -79, 984.07, 13.52
1049895, 308, -2, -1020, 3850, -1540, -3570, 58, 48, -94, 984.06, 13.52
1049935, 275, -3, -703, 2100, 1260, -2100, 55, 34, -99, 984.03, 13.52
1049975, 225, 4, -1037, 1260, -2450, -1960, 54, 31, -85, 984.02, 13.52
1050015, 239, 2, -906, 1470, -1820, -1750, 63, 28, -93, 984.03, 13.52
1050055, 202, 60, -1064, 210, -4270, -770, 70, 19, -88, 984.05, 13.52
1050095, 254, -53, -1036, -1330, -1680, 210, 67, 18, -108, 984.08, 13.52
1050135, 300, -33, -943, -1120, 2660, -1330, 52, 7, -99, 984.08, 13.51
1050175, 278, 0, -934, -910, 2730, -2870, 61, 12, -106, 984.10, 13.52
1050215, 218, -1, -995, -1680, 840, -2800, 39, 15, -118, 984.09, 13.51
1050255, 122, -25, -926, -1540, -70, -3010, 24, 24, -115, 984.12, 13.51
1050295, 119, -49, -737, -420, -2730, -3500, 21, 43, -100, 984.12, 13.51
1050335, -4, -4, -957, 980, -10220, -5180, 22, 42, -109, 984.16, 13.50
1050375, 151, 1, -1179, 840, -11970, -4690, 45, 61, -93, 984.13, 13.50
1050415, 228, -68, -1301, 1470, -4550, -4480, 51, 67, -79, 984.11, 13.50
1050455, 474, -1, -1357, 1820, 11550, -5530, 61, 69, -81, 984.08, 13.50
1050495, 407, -96, -851, 1890, 26740, -5320, 61, 69, -111, 984.13, 13.49
1050535, 629, 45, -623, 3500, 25550, -7070, 51, 61, -106, 984.15, 13.49
1050575, -110, 133, -1007, 7350, 1470, -5600, 69, 49, -88, 984.14, 13.48
1050615, -253, -88, -1171, 5180, -13790, -210, 82, 51, -88, 984.18, 13.47
1050655, -161, -135, -1258, 3710, -15260, -2590, 82, 46, -91, 984.20, 13.47
1050695, 75, -115, -768, 2730, -1260, -4970, 91, 48, -112, 984.22, 13.47
1050735, 364, 40, -792, -420, 2800, -4200, 72, 39, -99, 984.23, 13.47
1050775, 340, 30, -1008, -350, -1400, -2800, 75, 30, -93, 984.24, 13.46
1050815, 384, 76, -747, 1890, 2870, -2730, 84, 25, -114, 984.14, 13.46
1050855, 424, 79, -951, 4410, -770, -1960, 72, 22, -115, 984.15, 13.46
1050895, 234, -9, -1092, 5320, -1680, 70, 61, 24, -106, 984.23, 13.45
1050935, 208, -9, -1051, 5320, 1610, -770, 73, 10, -106, 984.17, 13.45
1050975, 55, -52, -958, 4760, 2170, -840, 60, 12, -114, 984.18, 13.45
1051015, 148, 59, -1037, 3640, 1470, -1050, 61, 16, -120, 984.13, 13.45
1051055, 119, -17, -968, 1400, 0, 1890, 46, 22, -121, 984.20, 13.45
1051095, 233, -61, -930, -1260, -350, 1960, 52, 28, -102, 984.19, 13.45
1051135, 314, -92, -850, -1050, 560, 0, 63, 40, -100, 984.23, 13.45
1051175, 429, 80, -960, -3290, 3150, -1470, 57, 34, -115, 984.22, 13.45
1051215, 286, 18, -838, -3780, 1820, 1400, 49, 39, -115, 984.24, 13.45
1051255, 192, -62, -1055, -2870, -840, -1400, 52, 37, -94, 984.21, 13.44
1051295, 172, -10, -903, -1750, 70, -2310, 63, 39, -93, 984.26, 13.45
1051335, 207, -12, -895, -560, -3640, -3780, 60, 31, -94, 984.22, 13.45
1051375, 287, -25, -996, 1120, -4270, -3640, 73, 31, -100, 984.23, 13.45
1051415, 335, -51, -780, 2100, -3430, -4620, 55, 31, -96, 984.27, 13.45
1051455, 221, 22, -1009, 3500, -4760, -5040, 69, 37, -84, 984.22, 13.44
1051495, 410, 30, -863, 3640, 210, -3360, 75, 34, -100, 984.11, 13.44
1051535, 451, 20, -739, 3920, 2660, -2310, 63, 36, -99, 984.12, 13.44
1051575, 102, -20, -869, 4200, -4130, -2240, 48, 28, -90, 984.20, 13.44
1051615, 321, 10, -1074, 4130, -3990, -980, 69, 30, -82, 984.24, 13.44
1051655, 388, -20, -895, 4620, -140, -350, 66, 18, -94, 984.25, 13.44
1051695, 264, -10, -913, 4270, -560, -910, 58, 21, -88, 984.23, 13.43
1051735, 304, -14, -942, 4060, 1190, 350, 57, 15, -99, 984.27, 13.42
1051775, 328, -58, -918, 4060, 4480, 700, 43, 16, -91, 984.30, 13.43
1051815, 347, -5, -603, 4690, 1190, -70, 57, 7, -90, 984.25, 13.42
1051855, 359, 15, -1271, 3010, -3080, 1120, 40, 12, -103, 984.25, 13.42
1051895, 327, -54, -841, 3430, 1820, 1680, 24, 15, -114, 984.26, 13.42
1051935, 350, -6, -1079, 3570, 1610, 630, 27, 25, -120, 984.25, 13.42
1051975, 52, -25, -823, 4900, 2100, 2170, 40, 30, -145, 984.26, 13.43
1052015, 702, -3, -1192, 4550, 8190, 2100, 45, 34, -130, 984.31, 13.43
1052055, 209, -19, -663, 5740, 4620, 2100, 46, 33, -136, 984.27, 13.42
1052095, 355, 17, -1097, 3850, 1260, 3360, 39, 22, -117, 984.30, 13.42
1052135, 323, -54, -646, 5530, 3850, 4340, 46, 16, -115, 984.32, 13.42
1052175, 244, 53, -973, 6230, -3990, 2660, 45, 21, -124, 984.30, 13.42
1052215, 211, 0, -858, 6860, -9030, 4130, 33, 33, -141, 984.30, 13.42
1052255, 148, -98, -1149, 6370, -9590, 5110, 42, 36, -129, 984.24, 13.41
1052295, 196, -5, -949, 7070, -4200, 4340, 60, 33, -115, 984.26, 13.41
1052335, 406, -21, -709, 4760, 4760, 5600, 75, 30, -124, 984.29, 13.41
1052375, 163, 150, -890, 4340, -1750, 5320, 85, 28, -118, 984.31, 13.41
1052415, 543, 126, -1063, 4900, 490, 10710, 67, 21, -100, 984.32, 13.41
1052455, 285, -14, -650, 5180, 350, 12180, 82, -3, -93, 984.34, 13.41
1052495, 302, -55, -1293, 2380, -2380, 13230, 88, 6, -94, 984.33, 13.41
1052535, 349, -7, -774, -280, 5460, 11620, 70, -12, -100, 984.32, 13.40
1052575, 190, 36, -912, -910, 1260, 10570, 58, -22, -87, 984.34, 13.41
1052615, 122, -61, -1273, -1680, -1750, 10500, 67, -18, -84, 984.32, 13.41
1052655, 291, -34, -483, -3360, 5040, 10570, 72, -24, -87, 984.30, 13.41
1052695, 238, -40, -1243, -5600, -3780, 10010, 73, -22, -88, 984.33, 13.40
1052735, 372, 9, -766, -4060, 1750, 8330, 49, -27, -99, 984.29, 13.40
1052775, 456, -3, -953, -3500, -420, 8050, 58, -36, -79, 984.30, 13.39
1052815, 144, 9, -906, -3080, -2310, 7840, 76, -30, -84, 984.35, 13.40
1052855, 435, 46, -1026, -3150, 1890, 8190, 51, -33, -96, 984.29, 13.40
1052895, 382, -63, -876, -2730, 4620, 8400, 39, -31, -87, 984.36, 13.40
1052935, 114, 24, -779, -2800, 2170, 7000, 55, -36, -72, 984.39, 13.39
1052975, 283, -18, -1025, -2870, 210, 7210, 57, -27, -75, 984.39, 13.39
1053015, 223, 86, -1081, -4550, -3430, 5880, 66, -40, -79, 984.43, 13.39
1053055, 146, -33, -864, -6790, -1050, 10360, 45, -28, -94, 984.40, 13.39
1053095, 181, -23, -1091, -6860, -350, 8890, 39, -31, -78, 984.36, 13.38
1053135, 452, 53, -867, -6720, 2800, 8120, 58, -27, -64, 984.41, 13.38
1053175, 331, -42, -964, -9170, 910, 9310, 52, -33, -84, 984.44, 13.37
1053215, 212, 47, -1067, -10780, 1260, 7490, 45, -28, -81, 984.39, 13.38
1053255, 197, -38, -949, -12880, 4830, 8050, 37, -22, -79, 984.39, 13.37
1053295, 140, -30, -938, -11620, 2660, 4970, 48, -24, -76, 984.43, 13.37
1053335, 267, -52, -1129, -12530, 2030, 4970, 55, -18, -91, 984.45, 13.36
1053375, 284, -23, -936, -12740, -2170, 4130, 58, -3, -94, 984.41, 13.36
1053415, 182, -18, -863, -14630, -2940, 4130, 25, -1, -99, 984.42, 13.36
1053455, 161, -85, -1033, -14210, -2240, 2310, 55, 1, -76, 984.41, 13.37
1053495, 468, 23, -932, -13090, 2870, -1610, 52, 9, -105, 984.40, 13.37
1053535, 278, -53, -834, -13580, 2450, -1680, 49, 12, -106, 984.39, 13.37
1053575, 392, -17, -890, -12180, 2940, -3430, 45, 12, -99, 984.40, 13.37
1053615, 418, -9, -882, -10360, 3920, -4830, 52, 7, -93, 984.40, 13.37
1053655, 144, -49, -1037, -7910, -70, -6020, 61, 9, -108, 984.44, 13.37
1053695, 395, -54, -920, -7210, 2590, -6930, 55, 21, -103, 984.45, 13.37
1053735, 329, -22, -872, -6160, 2730, -8540, 42, 21, -115, 984.45, 13.37
1053775, 294, -1, -775, -4340, 770, -8260, 54, 16, -102, 984.44, 13.37
1053815, 501, -55, -934, -3220, 1190, -7700, 64, 15, -82, 984.42, 13.37
1053855, 297, 50, -821, -4130, -140, -7700, 70, 18, -100, 984.46, 13.37
1053895, 251, -56, -929, -5110, -1680, -4760, 55, 18, -85, 984.47, 13.37
1053935, 177, 9, -919, -5250, -3360, -6510, 60, 9, -79, 984.49, 13.37
1053975, 271, -29, -920, -3990, -2450, -6370, 58, 4, -81, 984.46, 13.36
1054015, 211, -33, -967, -4340, -5530, -7000, 51, 0, -79, 984.49, 13.37
1054055, 399, -43, -901, -4480, -2450, -6510, 39, 1, -85, 984.51, 13.38
1054095, 268, -11, -866, -2170, -3360, -8610, 25, 4, -69, 984.53, 13.37
1054135, 251, -9, -738, -630, -2100, -7840, 30, 4, -69, 984.48, 13.36
1054175, 273, 9, -1223, 210, -9030, -5810, 48, 16, -94, 984.47, 13.36
1054215, 325, -120, -1158, 2940, -4900, -4620, 19, 16, -112, 984.56, 13.36
1054255, 311, -75, -853, 700, 6580, -10220, 16, 27, -108, 984.56, 13.36
1054295, 86, 41, -1023, 2730, 1890, -10430, 34, 37, -112, 984.53, 13.36
1054335, 429, -46, -901, 6510, 6650, -7140, 24, 46, -124, 984.56, 13.36
1054375, 155, -15, -916, 8400, -3080, -8890, 43, 58, -130, 984.54, 13.36
1054415, 138, 15, -1107, 7630, -7980, -8400, 30, 60, -138, 984.57, 13.36
1054455, 211, -76, -1008, 9520, -2870, -5460, 57, 60, -103, 984.59, 13.37
1054495, 295, 18, -982, 11270, -840, -7770, 88, 48, -111, 984.54, 13.36
1054535, 293, 91, -815, 11130, -910, -4760, 73, 43, -106, 984.52, 13.37
1054575, 309, 5, -759, 9870, -1330, 770, 75, 31, -91, 984.51, 13.36
1054615, 174, 11, -1049, 7770, -1750, 630, 76, 36, -88, 984.50, 13.37
1054655, 186, 36, -954, 6230, -2310, 3500, 82, 22, -82, 984.52, 13.37
1054695, 202, 6, -791, 3220, -1680, 2310, 84, 25, -84, 984.57, 13.37
1054735, 337, -57, -1261, 2590, -1330, 3150, 66, 19, -90, 984.59, 13.37
1054775, 199, -62, -538, 3430, 0, 2170, 60, 15, -67, 984.57, 13.36
1054815, 177, 61, -1392, 700, -5810, 1330, 66, 9, -73, 984.59, 13.37
1054855, 192, -9, -635, 140, 2590, 2450, 67, 15, -102, 984.61, 13.37
1054895, 442, -24, -1172, -700, 3500, 1680, 49, 19, -102, 984.56, 13.37
1054935, 61, -14, -1095, -210, 840, 490, 42, 27, -100, 984.59, 13.36
1054975, 546, 6, -901, -1540, 10010, 2800, 61, 36, -111, 984.57, 13.36
1055015, -48, 35, -765, -2450, 2380, 2310, 51, 43, -106, 984.57, 13.35
1055055, 381, -8, -1302, -2800, 3640, 2590, 61, 37, -121, 984.58, 13.36
1055095, 302, 53, -667, -4340, 3010, 700, 49, 34, -108, 984.59, 13.36
1055135, 94, -34, -1288, -4550, -6720, 3010, 64, 28, -94, 984.61, 13.35
1055175, 110, -7, -830, -5950, -490, 2240, 78, 24, -96, 984.64, 13.35
1055215, 399, 14, -953, -8540, 4270, 560, 60, 22, -109, 984.64, 13.35
1055255, 160, -7, -818, -7630, 1260, -1190, 36, 34, -94, 984.59, 13.35
1055295, 360, -26, -882, -8260, -350, -2240, 46, 42, -90, 984.66, 13.36
1055335, 81, -71, -1036, -7910, -6370, -1960, 45, 39, -88, 984.67, 13.36
1055375, 261, 9, -1079, -7350, -2030, -4620, 45, 46, -91, 984.64, 13.36
1055415, 326, -24, -841, -3920, -280, -5600, 52, 60, -93, 984.71, 13.36
1055455, 214, -65, -1108, -2240, -2940, -7770, 36, 60, -100, 984.65, 13.37
1055495, 238, -153, -976, -700, 770, -9520, 51, 70, -76, 984.65, 13.36
1055535, 256, 9, -1011, 1680, -280, -11830, 75, 72, -88, 984.64, 13.36
1055575, 256, 103, -1026, 420, 1890, -11060, 58, 66, -106, 984.70, 13.36
1055615, 393, -21, -895, -560, 7770, -7070, 48, 69, -103, 984.68, 13.36
1055655, 250, 34, -1052, -210, 4690, -7420, 45, 70, -99, 984.68, 13.36
1055695, 188, -68, -955, -840, 3360, -5740, 57, 69, -100, 984.66, 13.36
1055735, 213, 3, -871, -1330, 1400, -6580, 57, 64, -96, 984.65, 13.36
1055775, 196, -16, -1090, -1260, -1680, -6300, 58, 64, -109, 984.67, 13.37
1055815, 337, -57, -891, -1050, 2590, -8260, 48, 79, -117, 984.68, 13.37
1055855, 279, 0, -953, -1890, -350, -8400, 55, 67, -100, 984.68, 13.36
1055895, 283, -23, -1016, -1540, -1400, -8540, 75, 66, -84, 984.71, 13.37
1055935, 301, 17, -999, -1750, 1610, -8330, 73, 78, -105, 984.66, 13.36
1055975, 433, -23, -830, -1470, 4690, -8260, 45, 75, -105, 984.66, 13.36
1056015, 141, -13, -943, -1680, 2030, -9030, 54, 73, -91, 984.69, 13.36
1056055, 357, -21, -1029, -210, 3710, -9450, 63, 73, -87, 984.67, 13.35
1056095, 191, -12, -867, 210, 1890, -9940, 66, 78, -105, 984.66, 13.35
1056135, 240, 14, -1127, 1400, -2030, -9450, 60, 85, -105, 984.67, 13.35
1056175, 266, -57, -952, 910, 910, -9100, 51, 93, -117, 984.69, 13.36
1056215, 429, -19, -918, 1610, 2310, -10920, 58, 93, -106, 984.68, 13.35
1056255, 198, 17, -980, 2170, -1680, -11060, 55, 91, -97, 984.71, 13.35
1056295, 355, 18, -941, 980, 2380, -9660, 76, 108, -99, 984.72, 13.35
1056335, 243, 28, -863, -700, 2030, -7910, 72, 90, -100, 984.68, 13.35
1056375, 294, -44, -937, -490, 1820, -8890, 73, 94, -94, 984.68, 13.35
1056415, 262, -30, -968, 140, -1820, -9660, 78, 94, -79, 984.77, 13.34
1056455, 150, -44, -1090, -140, -1470, -10920, 76, 97, -78, 984.69, 13.34
1056495, 223, 21, -943, 1050, -1540, -11620, 75, 99, -90, 984.74, 13.34
1056535, 308, -17, -956, 1820, -280, -10360, 61, 106, -99, 984.75, 13.34
1056575, 268, 0, -857, 1330, 490, -11480, 51, 102, -91, 984.72, 13.33
1056615, 296, -47, -932, 2100, -1260, -10710, 57, 114, -81, 984.81, 13.33
1056655, 218, 14, -945, 4900, -7700, -9940, 69, 112, -81, 984.72, 13.33
1056695, 309, 46, -1027, 1750, -3360, -10290, 64, 121, -99, 984.69, 13.33
1056735, 255, -40, -880, 1400, -280, -10570, 69, 126, -99, 984.73, 13.32
1056775, 275, -5, -1007, 910, -280, -12250, 58, 129, -91, 984.73, 13.33
1056815, 262, -39, -961, 2520, 1050, -11690, 64, 129, -90, 984.77, 13.33
1056855, 318, -79, -901, 3220, 210, -12670, 69, 138, -84, 984.79, 13.33
1056895, 212, -5, -984, 3430, -490, -14840, 58, 145, -96, 984.78, 13.35
1056935, 334, 23, -892, 3570, 210, -13860, 76, 147, -103, 984.75, 13.34
1056975, 315, -2, -933, 4200, 420, -12880, 67, 153, -106, 984.77, 13.34
1057015, 265, -14, -875, 5250, -1960, -13510, 85, 156, -96, 984.72, 13.34
1057055, 252, -2, -1108, 4620, -3990, -13720, 91, 151, -90, 984.78, 13.35
1057095, 295, -35, -807, 4900, 840, -14070, 99, 159, -94, 984.73, 13.34
1057135, 308, 3, -974, 4830, -560, -14700, 94, 150, -106, 984.80, 13.35
1057175, 336, 1, -882, 6300, 630, -13580, 91, 163, -105, 984.78, 13.35
1057215, 346, -27, -910, 6580, 2730, -13650, 91, 148, -91, 984.75, 13.36
1057255, 390, -24, -863, 7280, 2870, -14770, 111, 151, -105, 984.79, 13.36
1057295, 386, 45, -990, 6930, 1470, -14420, 102, 156, -102, 984.79, 13.37
1057335, 376, -19, -941, 7280, 3920, -12460, 108, 151, -118, 984.82, 13.37
1057375, 355, -41, -921, 7000, 4550, -12180, 94, 150, -123, 984.79, 13.38
1057415, 352, 65, -814, 5810, 4200, -12880, 93, 153, -105, 984.79, 13.38
1057455, 345, 80, -825, 3150, 1960, -9450, 114, 150, -112, 984.86, 13.37
1057495, 241, 18, -871, 280, -1260, -6930, 121, 147, -123, 984.81, 13.37
1057535, 406, -31, -1257, -1190, -630, -6090, 117, 160, -112, 984.78, 13.36
1057575, 436, 16, -523, -2170, 7910, -7560, 118, 157, -100, 984.78, 13.35
1057615, 528, 24, -893, -6580, 6160, -6440, 120, 159, -100, 984.79, 13.36
1057655, 174, 3, -950, -5110, 1050, -8610, 118, 162, -106, 984.81, 13.35
1057695, 543, -31, -876, -5740, 6160, -10010, 120, 159, -109, 984.80, 13.35
1057735, 330, -1, -1022, -5110, 2870, -12110, 109, 153, -112, 984.81, 13.34
1057775, 288, -126, -1082, -5460, 770, -11620, 112, 162, -109, 984.81, 13.34
1057815, 379, -54, -1004, -3850, 4830, -17570, 112, 169, -102, 984.83, 13.34
1057855, 367, 57, -759, -2520, 6790, -18690, 132, 171, -109, 984.80, 13.34
1057895, 284, 38, -950, -3150, 5110, -16870, 120, 169, -111, 984.84, 13.34
1057935, 337, -67, -768, -1540, 3360, -15960, 121, 166, -115, 984.82, 13.34
1057975, 289, 19, -773, -2240, 70, -17850, 133, 180, -100, 984.81, 13.34
1058015, 312, -45, -1020, 490, -7140, -19530, 139, 189, -102, 984.79, 13.34
1058055, 255, -22, -965, 1190, -5950, -20650, 147, 169, -108, 984.83, 13.34
1058095, 185, 30, -1041, 1680, -4060, -20090, 154, 190, -115, 984.83, 13.33
1058135, 458, -123, -816, 2870, 5110, -18760, 136, 196, -111, 984.88, 13.33
1058175, 405, 0, -891, 3640, 5180, -22540, 145, 201, -103, 984.92, 13.32
1058215, 325, 17, -932, 3500, 4060, -21560, 162, 190, -102, 984.96, 13.32
1058255, 363, -52, -957, 3430, 5530, -20300, 168, 192, -108, 984.93, 13.32
1058295, 266, 19, -1078, 4200, 4480, -21280, 172, 202, -100, 984.83, 13.31
1058335, 314, -22, -915, 4760, 6160, -19670, 162, 199, -94, 984.83, 13.31
1058375, 187, -36, -1040, 4060, 4900, -19600, 174, 202, -96, 984.79, 13.30
1058415, 221, 12, -923, 4270, 3990, -19670, 180, 204, -102, 984.84, 13.30
1058455, 213, -61, -1047, 3780, 2800, -19390, 189, 198, -114, 984.85, 13.31
1058495, 398, -57, -907, 4060, 4410, -20440, 180, 214, -97, 984.82, 13.30
1058535, 322, -14, -968, 5950, 3150, -21630, 187, 202, -88, 984.84, 13.30
1058575, 305, 81, -875, 5600, 3850, -21280, 205, 208, -91, 984.87, 13.30
1058615, 387, 53, -1112, 5390, 5250, -19390, 207, 208, -102, 984.91, 13.28
1058655, 235, 4, -842, 5670, 6650, -18200, 198, 202, -94, 984.91, 13.28
1058695, 254, 28, -987, 4970, 5460, -16940, 205, 199, -79, 984.88, 13.28
1058735, 295, -28, -982, 5250, 6370, -16520, 214, 204, -79, 984.90, 13.27
1058775, 363, -8, -854, 4830, 5740, -18130, 210, 208, -84, 984.91, 13.26
1058815, 204, 32, -936, 3780, 2310, -17990, 225, 199, -82, 984.93, 13.26
1058855, 374, -36, -1041, 3920, 2450, -16100, 198, 204, -96, 984.96, 13.26
1058895, 320, -21, -887, 4270, 4200, -18340, 202, 213, -79, 984.94, 13.25
1058935, 271, 57, -1015, 4130, 1750, -18830, 214, 208, -67, 984.92, 13.25
1058975, 391, -46, -921, 3360, 4900, -17500, 204, 219, -91, 984.92, 13.25
1059015, 388, 27, -880, 3500, 6440, -18620, 201, 211, -88, 984.90, 13.25
1059055, 437, 57, -857, 3360, 6650, -17920, 214, 214, -79, 984.88, 13.26
1059095, 381, -29, -927, 2100, 5530, -16940, 213, 226, -76, 984.95, 13.27
1059135, 314, -24, -966, 1190, 4550, -17710, 220, 237, -88, 984.94, 13.27
1059175, 364, -35, -849, 210, 4130, -18690, 228, 226, -94, 984.93, 13.27
1059215, 312, 78, -932, -420, 1750, -18970, 219, 238, -100, 984.98, 13.26
1059255, 408, -94, -930, 70, 3640, -17150, 220, 249, -76, 984.98, 13.27
1059295, 364, -39, -1007, -140, 3780, -20790, 246, 253, -81, 984.98, 13.26
1059335, 476, 42, -1108, -1890, 6720, -21630, 247, 250, -85, 985.00, 13.26
1059375, 405, -27, -666, 630, 11620, -21630, 258, 249, -93, 984.97, 13.26
1059415, 427, 61, -989, 1890, 8820, -22190, 259, 246, -72, 984.95, 13.26
1059455, 434, -27, -938, 3710, 8820, -21140, 259, 240, -84, 985.01, 13.25
1059495, 358, -93, -957, 6090, 7700, -23310, 273, 237, -75, 984.95, 13.25
1059535, 305, 12, -1097, 7560, 4060, -25900, 264, 231, -87, 984.95, 13.25
1059575, 415, -78, -849, 11130, 8400, -24500, 267, 234, -70, 984.92, 13.26
1059615, 343, 40, -964, 12460, 5810, -24920, 277, 232, -55, 984.95, 13.26
1059655, 410, 31, -989, 13090, 5040, -22820, 279, 226, -75, 984.96, 13.25
1059695, 318, 49, -825, 11480, 6230, -17920, 270, 232, -75, 984.94, 13.26
1059735, 457, 15, -829, 11200, 7840, -17150, 276, 234, -63, 984.92, 13.25
1059775, 456, 29, -936, 10710, 6650, -16660, 282, 237, -63, 984.99, 13.24
1059815, 373, -27, -987, 10780, 5390, -15330, 283, 222, -67, 984.94, 13.25
1059855, 355, -7, -922, 9450, 4760, -15190, 286, 228, -79, 984.97, 13.25
1059895, 383, -20, -834, 9730, 5250, -14700, 273, 226, -60, 984.96, 13.25
1059935, 343, 2, -1042, 9940, 3010, -15750, 291, 231, -54, 985.00, 13.25
1059975, 393, -4, -790, 9380, 4340, -15050, 294, 222, -67, 984.97, 13.26
1060015, 348, -5, -964, 10640, 2590, -14210, 294, 225, -66, 984.99, 13.26
1060055, 397, 24, -987, 10150, 2870, -14070, 304, 231, -58, 985.00, 13.27
1060095, 420, 4, -806, 11690, 5810, -14070, 310, 226, -52, 984.93, 13.26
1060135, 406, -4, -950, 12250, 3500, -13930, 319, 226, -66, 984.91, 13.25
1060175, 367, 17, -942, 12460, 4410, -13160, 315, 220, -69, 985.00, 13.25
1060215, 470, 0, -968, 13650, 5810, -12740, 322, 225, -48, 985.01, 13.24
1060255, 313, 44, -990, 13650, 4830, -11550, 330, 214, -45, 984.99, 13.24
1060295, 439, 2, -913, 12250, 7140, -9380, 321, 210, -49, 985.02, 13.25
1060335, 417, 33, -805, 12250, 7980, -9240, 319, 202, -46, 985.02, 13.24
1060375, 311, 59, -957, 10640, 3850, -7350, 339, 208, -33, 985.03, 13.24
1060415, 392, -17, -806, 9450, 3290, -5250, 333, 190, -33, 985.06, 13.24
1060455, 328, 2, -978, 9030, -1960, -5740, 324, 199, -28, 985.07, 13.23
1060495, 404, 26, -917, 8330, -700, -5530, 315, 193, -46, 985.07, 13.23
1060535, 309, -44, -810, 8470, -560, -5670, 318, 192, -34, 985.05, 13.23
1060575, 353, 45, -994, 7420, -2170, -7070, 337, 183, -36, 985.04, 13.23
1060615, 455, 45, -830, 5880, 1470, -5110, 327, 183, -37, 985.02, 13.23
1060655, 370, -71, -952, 6650, 2030, -4340, 331, 174, -28, 985.03, 13.23
1060695, 410, 48, -845, 5460, 4200, -5670, 342, 183, -33, 985.11, 13.24
1060735, 456, -5, -930, 4620, 5180, -5040, 336, 183, -34, 985.12, 13.23
1060775, 372, 43, -914, 3570, 2520, -4900, 334, 184, -48, 985.10, 13.23
1060815, 321, -11, -931, 3360, 1260, -4060, 319, 186, -36, 985.09, 13.23
1060855, 351, -32, -914, 3010, 910, -4970, 330, 180, -22, 985.09, 13.23
1060895, 367, 26, -901, 2030, -140, -5600, 340, 187, -31, 985.09, 13.22
1060935, 377, -5, -851, 350, 560, -4970, 336, 184, -31, 985.05, 13.22
1060975, 389, -5, -920, 560, 490, -5320, 351, 184, -24, 985.09, 13.21
1061015, 411, 2, -937, -420, 2590, -6230, 345, 184, -24, 985.09, 13.21
1061055, 431, 56, -832, -210, 3500, -6650, 342, 184, -37, 985.08, 13.21
1061095, 397, 6, -1005, -840, 1400, -6090, 342, 178, -37, 985.15, 13.21
1061135, 450, -49, -943, 0, 3850, -6790, 355, 178, -18, 985.10, 13.20
1061175, 304, 30, -825, 490, 3290, -8470, 352, 174, -33, 985.07, 13.19
1061215, 385, 28, -994, 0, 1330, -7770, 349, 178, -33, 985.07, 13.19
1061255, 378, 9, -819, 70, 1750, -7000, 354, 183, -24, 985.10, 13.18
1061295, 279, -27, -983, -1680, -1050, -7280, 370, 177, -27, 985.09, 13.18
1061335, 447, 24, -769, -3150, 1820, -7070, 354, 187, -30, 985.08, 13.18
1061375, 352, -14, -978, -6510, 910, -7350, 345, 186, -31, 985.13, 13.18
1061415, 387, 22, -1087, -7210, 630, -7630, 351, 184, -22, 985.07, 13.17
1061455, 458, 70, -623, -7840, 2240, -9100, 366, 181, -33, 985.06, 13.16
1061495, 278, 0, -967, -8190, -1190, -8890, 361, 198, -28, 985.10, 13.16
1061535, 519, -51, -1030, -7910, 630, -10010, 370, 189, -27, 985.13, 13.16
1061575, 272, -53, -565, -5390, 3500, -13370, 378, 190, -28, 985.15, 13.16
1061615, 419, -98, -1430, -2870, -3010, -16380, 379, 190, -25, 985.14, 13.15
1061655, 504, -96, -795, 700, 6720, -19250, 357, 184, -36, 985.12, 13.14
1061695, 339, -74, -1028, 6720, 6580, -21350, 369, 190, -19, 985.10, 13.14
1061735, 588, 85, -672, 10920, 11200, -21980, 375, 183, -39, 985.08, 13.12
1061775, -5, 187, -917, 14350, -2450, -17990, 376, 181, -42, 985.14, 13.13
1061815, 531, -89, -974, 14560, -1890, -10570, 372, 177, -16, 985.13, 13.12
1061855, 94, -79, -912, 16030, -1890, -11340, 390, 172, -19, 985.22, 13.11
1061895, 454, 124, -889, 12460, 1260, -10500, 382, 174, -30, 985.20, 13.10
1061935, 304, 84, -715, 10150, 2450, -5600, 378, 154, -36, 985.18, 13.10
1061975, 367, 24, -1325, 7280, -490, -3850, 379, 163, -18, 985.23, 13.09
1062015, 666, -95, -780, 6440, 12320, -3570, 375, 171, -34, 985.20, 13.09
1062055, 270, -18, -417, 4760, 9170, -4550, 384, 171, -10, 985.17, 13.09
1062095, 739, 11, -1323, 4200, 6790, -7140, 385, 163, -10, 985.21, 13.08
1062135, 42, 36, -880, 5740, 2870, -7630, 388, 169, -16, 985.23, 13.09
1062175, 395, -80, -1115, 3010, -70, -3290, 400, 156, -30, 985.21, 13.08
1062215, 204, -4, -540, 7630, 4200, -6440, 388, 159, -4, 985.25, 13.08
1062255, 602, -13, -1184, 6090, -910, -7210, 402, 147, 4, 985.26, 13.08
1062295, 149, 21, -610, 6720, -2450, -6440, 391, 145, -18, 985.25, 13.07
1062335, 568, -28, -1029, 5180, 1960, -3500, 385, 151, -3, 985.26, 13.07
1062375, 408, 48, -1128, 3640, 5950, -5670, 390, 141, -6, 985.25, 13.07
1062415, 385, 118, -560, 4270, 7490, -6370, 384, 150, -1, 985.22, 13.07
1062455, 420, 66, -746, 3710, 1120, -1820, 379, 157, -16, 985.25, 13.06
1062495, 312, -113, -1385, 4970, -5040, -1330, 393, 148, -4, 985.22, 13.06
1062535, 389, -112, -999, 4830, -350, -4900, 372, 154, -18, 985.19, 13.05
1062575, 289, 57, -671, 4200, 8120, -5670, 375, 144, -18, 985.18, 13.06
1062615, 509, 71, -805, 4970, 5810, -4550, 382, 136, -7, 985.16, 13.05
1062655, 144, -75, -1157, 7210, -4690, -4340, 387, 144, -13, 985.22, 13.05
1062695, 345, -29, -658, 7700, -210, -5460, 384, 151, -28, 985.26, 13.05
1062735, 315, 55, -1144, 7910, -2100, -4060, 375, 150, -22, 985.25, 13.04
1062775, 505, -104, -902, 8890, 3500, -4200, 402, 142, -13, 985.21, 13.04
1062815, 190, 104, -786, 10080, -210, -5740, 388, 136, -16, 985.20, 13.03
1062855, 472, 84, -1145, 9170, -490, -2240, 397, 138, -7, 985.23, 13.03
1062895, 196, -36, -612, 9730, 1190, 980, 409, 126, 1, 985.25, 13.02
1062935, 238, -8, -1019, 8190, -3290, 1050, 405, 127, -6, 985.24, 13.02
1062975, 400, 31, -853, 6580, -1260, 560, 412, 127, -12, 985.30, 13.02
1063015, 216, -19, -966, 5250, -3850, 1960, 403, 129, 1, 985.31, 13.02
1063055, 496, -38, -959, 3850, 1820, -490, 412, 129, -15, 985.30, 13.01
1063095, 231, 62, -875, 3430, 840, 1820, 412, 123, -10, 985.31, 13.01
1063135, 167, 1, -940, 2240, -2240, 3080, 421, 111, 3, 985.29, 13.01
1063175, 207, -86, -907, 2730, -4550, 2170, 430, 115, -9, 985.32, 13.01
1063215, 183, 42, -832, 1610, -6650, 420, 439, 118, -13, 985.30, 13.00
1063255, 105, 5, -1135, -280, -9870, 630, 423, 105, -13, 985.32, 12.99
1063295, 244, -40, -1027, 420, -4480, 630, 427, 94, 3, 985.27, 12.98
1063335, 292, 8, -902, -1330, 630, 280, 420, 109, -15, 985.35, 12.98
1063375, 487, 7, -1056, -1260, 4340, -70, 417, 105, -12, 985.33, 12.98
1063415, 31, 25, -912, 700, -1120, -1400, 430, 100, -3, 985.30, 12.97
1063455, 138, -29, -1008, 700, -1680, -70, 438, 106, -21, 985.37, 12.97
1063495, 197, -33, -878, 490, -140, -1820, 426, 109, -43, 985.36, 12.97
1063535, 47, 18, -1146, 1050, -5390, -1400, 420, 108, -25, 985.37, 12.96
1063575, 293, -78, -873, 1960, 770, -980, 447, 103, -27, 985.35, 12.95
1063615, 278, 44, -1020, -420, 420, -2170, 444, 103, -34, 985.39, 12.95
1063655, 310, -5, -859, 770, 2800, -1260, 450, 120, -21, 985.39, 12.95
1063695, 201, 15, -1092, 980, 1120, -980, 463, 102, -7, 985.40, 12.94
1063735, 277, -21, -970, 1120, 1750, -840, 472, 108, 6, 985.39, 12.94
1063775, 191, 7, -929, -560, 2380, -210, 462, 96, 9, 985.39, 12.94
1063815, 146, 46, -1065, -560, 0, 840, 442, 109, 33, 985.40, 12.94
1063855, 324, -106, -1046, 140, 3080, 560, 445, 97, 54, 985.37, 12.93
1063895, 249, 62, -802, -770, 0, -1190, 439, 103, 33, 985.35, 12.94
1063935, 201, 1, -1052, -490, -4480, 1960, 424, 105, 40, 985.34, 12.94
1063975, 251, -20, -1018, -1680, -1260, 1050, 432, 96, 49, 985.38, 12.93
1064015, 214, -34, -1211, -2170, 210, -840, 420, 111, 34, 985.40, 12.93
1064055, 551, 13, -493, -3360, 11270, -1260, 412, 108, 15, 985.31, 12.93
1064095, 339, -46, -1020, -2870, 7350, -2170, 406, 99, 28, 985.37, 12.94
1064135, 207, 61, -875, -2100, 4340, -3640, 418, 106, 36, 985.39, 12.93
1064175, 227, -30, -1190, -1120, -5040, -2310, 408, 106, 25, 985.40, 12.93
1064215, 429, 1, -711, -2520, 560, -2310, 414, 102, 30, 985.44, 12.93
1064255, 11, -56, -1208, -1610, -1190, -1960, 417, 97, 34, 985.43, 12.92
1064295, 506, -3, -1014, -1400, 8960, -4480, 426, 105, 27, 985.48, 12.92
1064335, 266, -9, -256, -2030, 12110, -3640, 412, 103, 24, 985.41, 12.91
1064375, 206, 88, -1033, -3290, -3080, -2590, 409, 99, 19, 985.41, 12.91
1064415, 516, 12, -1082, -2310, -3990, -2030, 417, 103, 30, 985.41, 12.91
1064455, -98, -80, -1287, -1190, -14490, -3430, 426, 103, 34, 985.48, 12.91
1064495, 488, -44, -922, -3500, 6580, -3080, 390, 99, 13, 985.46, 12.91
1064535, 446, -35, -1039, -3640, 14560, -5110, 391, 114, 24, 985.47, 12.91
1064575, 626, 92, -636, -4200, 15750, -5740, 406, 115, 16, 985.44, 12.90
1064615, 267, 31, -1058, -4480, 3710, -2940, 405, 115, 9, 985.46, 12.91
1064655, 480, -98, -1060, -5810, 5810, -2520, 402, 120, -3, 985.57, 12.90
1064695, 188, 27, -1066, -6370, 2590, -5530, 396, 118, 15, 985.49, 12.91
1064735, 274, -3, -853, -6160, 1120, -5180, 417, 118, 12, 985.47, 12.91
1064775, 264, -52, -831, -5600, 560, -7490, 393, 124, 1, 985.48, 12.91
1064815, 346, -11, -907, -5740, -1820, -8820, 393, 129, 1, 985.44, 12.91
1064855, 429, -19, -790, -5390, 560, -8960, 412, 130, 4, 985.49, 12.90
1064895, 347, 30, -842, -3640, 1750, -9730, 420, 123, -10, 985.46, 12.91
1064935, 428, 61, -1010, -2660, -70, -10010, 418, 126, -6, 985.47, 12.91
1064975, 400, -27, -768, -700, 0, -9100, 420, 124, 1, 985.42, 12.90
1065015, 241, 23, -1199, -140, -2590, -9730, 424, 132, 0, 985.45, 12.90
1065055, 474, -44, -817, -210, 5600, -9170, 426, 127, -6, 985.47, 12.89
1065095, 342, -5, -912, -560, 4480, -9730, 418, 135, -12, 985.46, 12.89
1065135, 396, 40, -895, -2380, 4060, -9450, 432, 127, 10, 985.39, 12.89
1065175, 475, -11, -743, -2310, 4060, -7000, 436, 133, -7, 985.46, 12.89
1065215, 326, 1, -1037, -4060, -1190, -8260, 439, 130, -3, 985.48, 12.89
1065255, 373, 0, -886, -4830, -70, -7700, 424, 118, -12, 985.54, 12.88
1065295, 311, -15, -970, -5600, -1400, -8470, 427, 126, 7, 985.51, 12.88
1065335, 391, 0, -950, -5600, 560, -8820, 439, 135, -6, 985.48, 12.87
1065375, 383, 34, -706, -5880, 2870, -9730, 435, 139, -15, 985.51, 12.87
1065415, 350, -33, -922, -4970, -1050, -10570, 429, 133, 6, 985.45, 12.88
1065455, 360, 21, -661, -3780, -1400, -13230, 456, 135, -1, 985.48, 12.89
1065495, 295, -72, -1237, -840, -5670, -13230, 456, 138, -9, 985.52, 12.89
1065535, 519, 10, -856, -70, 1610, -15050, 439, 133, -15, 985.46, 12.89
1065575, 305, 14, -905, 2450, 1750, -15540, 445, 139, 3, 985.47, 12.89
1065615, 396, 33, -909, 3150, 5180, -14840, 459, 136, -6, 985.47, 12.88
1065655, 482, -25, -991, 4340, 7210, -12600, 448, 138, -18, 985.49, 12.88
1065695, 427, 38, -960, 2800, 5110, -12110, 439, 135, -3, 985.44, 12.87
1065735, 409, 7, -774, 140, 7630, -10220, 453, 135, 3, 985.46, 12.88
1065775, 327, 34, -939, -140, 4410, -10080, 447, 133, -7, 985.45, 12.88
1065815, 378, -63, -903, -700, 1540, -9660, 453, 132, -15, 985.46, 12.88
1065855, 303, -27, -821, -560, -3010, -11970, 447, 135, -10, 985.50, 12.87
1065895, 280, -42, -965, -560, -4830, -12670, 459, 132, 1, 985.52, 12.88
1065935, 358, -13, -928, 630, -1890, -13230, 466, 129, -18, 985.53, 12.87
1065975, 339, 4, -778, 980, -490, -14910, 463, 129, 3, 985.49, 12.87
1066015, 428, 34, -899, 2590, -350, -15190, 481, 124, 0, 985.58, 12.87
1066055, 424, 21, -787, 4480, 420, -14630, 483, 120, -4, 985.53, 12.87
1066095, 380, 23, -975, 5040, -280, -13790, 477, 121, -18, 985.52, 12.87
1066135, 392, 16, -881, 5880, 1190, -12670, 471, 130, 1, 985.50, 12.87
1066175, 287, -12, -787, 5880, -630, -11900, 486, 114, 4, 985.45, 12.87
1066215, 408, 25, -1137, 5250, 140, -11830, 489, 105, -4, 985.51, 12.86
1066255, 325, -38, -742, 4620, 3220, -10920, 478, 118, 1, 985.51, 12.86
1066295, 379, 2, -1082, 3710, 700, -11270, 487, 111, 12, 985.51, 12.86
1066335, 534, -40, -744, 4130, 6090, -11270, 489, 106, -4, 985.59, 12.86
1066375, 254, 7, -953, 4480, 2730, -12320, 490, 102, -7, 985.60, 12.86
1066415, 427, -4, -1062, 4690, 3500, -12600, 477, 108, -4, 985.53, 12.85
1066455, 397, -66, -870, 7840, 3010, -12950, 489, 99, 0, 985.54, 12.85
1066495, 353, -20, -810, 10010, 5810, -11620, 483, 94, -4, 985.51, 12.84
1066535, 336, 37, -1054, 10920, 1470, -12250, 481, 84, 10, 985.57, 12.84
1066575, 417, -25, -793, 12250, 3570, -10150, 501, 84, 9, 985.61, 12.85
1066615, 370, 34, -1084, 12740, 2730, -9870, 490, 76, 4, 985.63, 12.84
1066655, 450, 15, -759, 13440, 5670, -8610, 492, 73, -6, 985.66, 12.84
1066695, 325, 36, -990, 13930, 1750, -7980, 487, 78, 10, 985.65, 12.83
1066735, 441, -3, -1016, 14420, 3010, -5390, 499, 69, 6, 985.63, 12.83
1066775, 313, 12, -800, 13720, 3150, -5250, 478, 67, 7, 985.59, 12.83
1066815, 388, 20, -1064, 12740, 1540, -3920, 483, 58, 13, 985.60, 12.83
1066855, 429, -31, -746, 13160, 4340, -2870, 499, 60, 18, 985.61, 12.83
1066895, 328, 16, -946, 12740, 1890, -3360, 489, 48, 18, 985.61, 12.84
1066935, 426, 26, -829, 12880, 1540, -2240, 484, 46, 7, 985.64, 12.84
1066975, 301, -26, -898, 13300, -1540, -840, 501, 39, 28, 985.64, 12.83
1067015, 380, 33, -990, 13020, -2660, -840, 486, 45, 7, 985.61, 12.84
1067055, 358, -22, -825, 12810, 490, -280, 481, 39, 16, 985.61, 12.82
1067095, 327, 34, -930, 12600, -770, -420, 493, 33, 24, 985.65, 12.82
1067135, 409, -9, -792, 12180, 1750, 1750, 493, 33, 12, 985.65, 12.82
1067175, 426, -11, -970, 11760, 700, 2170, 496, 28, 19, 985.64, 12.81
1067215, 411, 39, -900, 10780, 1820, 2450, 472, 33, 16, 985.64, 12.81
1067255, 345, 16, -909, 10500, 1890, 3430, 489, 21, 28, 985.63, 12.81
1067295, 432, 14, -1022, 10080, 2380, 3500, 495, 27, 15, 985.63, 12.80
1067335, 358, -1, -774, 9660, 3220, 4270, 486, 16, 27, 985.60, 12.80
1067375, 317, 14, -1003, 8610, -140, 4830, 495, 9, 34, 985.63, 12.80
1067415, 441, -19, -957, 8750, 2030, 5740, 493, 13, 24, 985.61, 12.80
1067455, 400, 23, -860, 7560, 3430, 5250, 483, 13, 21, 985.59, 12.80
1067495, 431, 35, -833, 6370, 4270, 5740, 495, 6, 37, 985.60, 12.80
1067535, 363, 45, -1003, 6020, 1400, 6720, 493, 3, 12, 985.68, 12.81
1067575, 374, 7, -850, 4130, 700, 8470, 477, 12, 21, 985.69, 12.80
1067615, 336, -13, -980, 2800, -980, 7630, 496, 3, 37, 985.63, 12.79
1067655, 374, -18, -879, 1820, 910, 6930, 493, 0, 30, 985.66, 12.80
1067695, 314, 9, -895, 1120, 980, 6510, 499, 6, 16, 985.69, 12.80
1067735, 479, 4, -897, -630, 2240, 6720, 471, 4, 28, 985.68, 12.80
1067775, 352, 16, -810, -1400, 770, 6230, 487, 7, 33, 985.73, 12.80
1067815, 421, 45, -1081, -2590, -980, 6650, 486, 16, 24, 985.67, 12.79
1067855, 377, -34, -701, -4270, 1960, 7000, 472, 9, 37, 985.62, 12.79
1067895, 282, 59, -1021, -6580, -2100, 5110, 486, 7, 42, 985.64, 12.79
1067935, 368, -20, -794, -7420, -490, 6160, 487, 12, 18, 985.69, 12.79
1067975, 342, -3, -954, -8750, -2100, 5390, 477, 19, 24, 985.69, 12.78
1068015, 435, -24, -824, -9940, 1120, 3850, 481, 19, 27, 985.62, 12.77
1068055, 347, 14, -988, -10640, -210, 1610, 484, 28, 16, 985.62, 12.76
1068095, 440, 28, -882, -11480, 2100, 980, 474, 27, 24, 985.65, 12.76
1068135, 334, -7, -798, -11480, -1540, -560, 490, 24, 30, 985.71, 12.75
1068175, 393, -18, -805, -11620, 2100, -2030, 489, 33, 19, 985.70, 12.74
1068215, 367, 12, -892, -13020, 2450, -2520, 484, 34, 1, 985.69, 12.73
1068255, 422, 0, -768, -13510, 1680, -2800, 471, 49, 22, 985.63, 12.73
1068295, 286, 25, -1022, -13720, -2940, -3640, 493, 37, 27, 985.64, 12.72
1068335, 410, -43, -875, -14840, -910, -3360, 493, 45, 7, 985.68, 12.72
1068375, 313, 5, -941, -15750, -1330, -5530, 483, 52, 33, 985.77, 12.72
1068415, 383, -15, -867, -15750, 210, -6510, 496, 52, 27, 985.82, 12.71
1068455, 376, -22, -893, -16310, 1820, -7630, 487, 63, -7, 985.79, 12.71
1068495, 443, 3, -855, -16100, 2450, -8960, 483, 64, 10, 985.74, 12.71
1068535, 378, -24, -921, -15470, 1050, -10570, 492, 67, 19, 985.70, 12.70
1068575, 408, -21, -937, -14630, 1050, -11480, 487, 70, 0, 985.74, 12.71
1068615, 330, -44, -909, -13020, 980, -13160, 481, 78, 9, 985.75, 12.70
1068655, 340, -9, -881, -11480, -700, -14980, 498, 84, 13, 985.73, 12.70
1068695, 341, -62, -1060, -9030, 140, -14840, 490, 85, -4, 985.72, 12.70
1068735, 435, -25, -799, -7350, 3920, -16730, 486, 78, -4, 985.76, 12.70
1068775, 417, -57, -1053, -4550, 3360, -17360, 495, 88, 6, 985.77, 12.70
1068815, 436, 2, -826, -1400, 5810, -18060, 510, 84, -4, 985.77, 12.70
1068855, 380, 17, -1067, 1260, 3150, -17430, 493, 84, 0, 985.79, 12.70
1068895, 356, -32, -950, 3850, 3290, -16240, 508, 73, 12, 985.79, 12.69
1068935, 364, -37, -1049, 5250, 3780, -15540, 508, 75, 3, 985.85, 12.69
1068975, 445, -21, -748, 6790, 7350, -14280, 490, 69, 3, 985.83, 12.69
1069015, 375, -28, -998, 8050, 4200, -13090, 498, 72, 7, 985.83, 12.69
1069055, 370, -49, -952, 10500, 2870, -12880, 508, 64, 4, 985.75, 12.68
1069095, 353, 0, -909, 12600, 2520, -11900, 490, 61, 7, 985.80, 12.69
1069135, 340, -34, -993, 16590, 560, -10990, 502, 55, 18, 985.76, 12.68
1069175, 388, -47, -855, 19460, 1540, -11270, 511, 45, 16, 985.78, 12.68
1069215, 324, 18, -1042, 21980, 2450, -9940, 496, 46, -3, 985.76, 12.68
1069255, 492, 10, -758, 24220, 4760, -6790, 493, 34, 19, 985.83, 12.68
1069295, 260, 2, -1070, 26040, 1050, -4690, 519, 28, 24, 985.87, 12.68
1069335, 547, -13, -1029, 26670, 6580, -1540, 502, 25, 13, 985.85, 12.68
1069375, 410, -1, -919, 28210, 8820, -210, 499, 12, 39, 985.87, 12.68
1069415, 417, 87, -1215, 28840, 8050, 1610, 508, 6, 37, 985.80, 12.68
1069455, 566, 20, -291, 29120, 12530, 5670, 495, -13, 27, 985.84, 12.67
1069495, 73, 24, -750, 27160, -1330, 9170, 501, -25, 51, 985.80, 12.67
1069535, 400, 91, -1006, 26040, -12670, 11760, 508, -30, 46, 985.84, 12.67
1069575, -101, -11, -837, 25060, -16520, 14910, 493, -37, 45, 985.83, 12.67
1069615, 419, 5, -800, 17710, -560, 16170, 498, -43, 63, 985.78, 12.67
1069655, 569, 54, -944, 12810, 5040, 17990, 507, -37, 48, 985.76, 12.67
1069695, 278, 143, -746, 9590, 1540, 17990, 501, -42, 40, 985.78, 12.66
1069735, 564, 81, -887, 5180, 4060, 21630, 495, -42, 46, 985.79, 12.67
1069775, 341, -56, -900, 3150, 0, 17710, 514, -51, 55, 985.80, 12.65
1069815, 298, -30, -1070, 280, -1120, 14070, 504, -51, 45, 985.84, 12.65
1069855, 247, 3, -1086, 1190, -1120, 10150, 504, -40, 66, 985.78, 12.65
1069895, 174, -7, -686, 2940, 1260, 10780, 516, -51, 57, 985.78, 12.65
1069935, 319, 47, -1018, 2730, -2520, 10640, 511, -42, 45, 985.80, 12.64
1069975, 352, -13, -915, 4270, -1750, 10080, 504, -51, 60, 985.86, 12.65
1070015, 262, -6, -1027, 5740, -3640, 9310, 517, -55, 52, 985.82, 12.64
1070055, 459, 21, -912, 4200, 2030, 10150, 504, -60, 52, 985.83, 12.64
1070095, 180, 54, -1114, 2940, -350, 11970, 496, -61, 57, 985.78, 12.64
1070135, 220, 60, -1001, 910, 1330, 14700, 513, -57, 61, 985.78, 12.64
1070175, 131, 41, -982, -4760, 1330, 17710, 514, -66, 55, 985.79, 12.64
1070215, 433, -57, -1089, -8820, 4480, 17430, 495, -55, 54, 985.87, 12.64
1070255, 258, -77, -748, -11620, 3920, 15470, 504, -49, 69, 985.90, 12.63
1070295, 243, -5, -1030, -15330, 1750, 12250, 499, -51, 54, 985.87, 12.63
1070335, 395, -5, -954, -15610, 3710, 10710, 490, -36, 63, 985.85, 12.62
1070375, 43, -27, -978, -16030, -1470, 8680, 501, -36, 69, 985.89, 12.61
1070415, 217, -73, -1079, -14000, 1050, 6440, 508, -36, 49, 985.83, 12.62
1070455, 305, -54, -747, -13090, 3640, 3430, 489, -28, 49, 985.85, 12.62
1070495, 262, -74, -1000, -10290, 140, 1120, 489, -31, 69, 985.90, 12.61
1070535, 288, 24, -851, -7070, -910, -630, 504, -28, 48, 985.91, 12.61
1070575, 239, -3, -1132, -5110, -2590, 560, 486, -22, 48, 985.88, 12.60
1070615, 247, -22, -891, -3360, 1330, 770, 487, -31, 66, 985.85, 12.60
1070655, 128, 3, -1042, -2520, -70, 1190, 501, -21, 64, 985.86, 12.59
1070695, 356, -1, -977, -2730, 2380, 3010, 493, -24, 54, 985.90, 12.60
1070735, 276, -32, -760, -4620, 2170, 4620, 481, -27, 58, 985.89, 12.59
1070775, 297, 3, -1032, -6230, -350, 5530, 487, -24, 73, 985.93, 12.59
1070815, 209, 54, -812, -7490, -2450, 7000, 486, -18, 46, 985.94, 12.60
1070855, 185, -25, -1185, -11060, -3850, 9310, 483, -16, 60, 985.89, 12.59
1070895, 337, -91, -933, -12320, 1960, 6930, 477, -16, 64, 985.86, 12.59
1070935, 150, -80, -1128, -13370, 2030, 4550, 490, -1, 49, 985.92, 12.59
1070975, 351, 9, -618, -14630, 6090, 2450, 475, 0, 40, 985.98, 12.60
1071015, 227, 9, -942, -13300, -1540, 2660, 474, -1, 46, 985.93, 12.60
1071055, 343, -34, -962, -10500, -5110, 980, 498, 0, 40, 985.98, 12.59
1071095, -135, -53, -760, -7980, -11060, -1120, 481, 13, 39, 985.97, 12.60
1071135, 477, -27, -997, -7000, -560, -2170, 474, 13, 42, 985.99, 12.59
1071175, 193, -29, -1011, -3570, -4830, -3640, 495, 19, 54, 985.97, 12.59
1071215, 80, 18, -793, -1680, -6720, -1820, 499, 16, 37, 986.01, 12.58
1071255, 399, -17, -1060, -2380, -2940, -1050, 499, 18, 27, 986.00, 12.58
1071295, 366, 2, -819, -1890, 2380, -910, 483, 12, 43, 986.03, 12.59
1071335, 345, -12, -955, -140, 280, -1260, 505, 16, 42, 986.01, 12.59
1071375, 351, 51, -902, 1120, 210, -1750, 499, 12, 19, 985.94, 12.58
1071415, 257, -9, -915, 840, -840, 1190, 486, 21, 30, 985.91, 12.58
1071455, 228, -25, -821, 1540, -1960, 2520, 513, 15, 37, 985.91, 12.58
1071495, -20, 21, -117, 2240, -16030, 2380, 517, 18, 40, 985.91, 12.59
1071535, 146, -110, -1122, 1470, 1610, 1050, 514, 12, 25, 985.96, 12.59
1071575, 405, -85, -811, -2590, 16940, 1680, 502, 21, 49, 985.98, 12.59
1071615, 908, 6, -934, -280, 33810, -350, 502, 12, 57, 986.01, 12.58
1071655, 111, 316, -516, 1190, 8050, 490, 499, 9, 37, 986.01, 12.58
1071695, -293, -44, -1455, 5180, -22050, 5040, 501, 10, 54, 986.01, 12.58
1071735, 152, -200, -960, 5810, -3150, 7210, 496, -1, 64, 985.99, 12.58
1071775, 255, -86, -985, 1890, 4480, 1050, 502, 13, 49, 985.96, 12.57
1071815, 231, 12, -781, -2590, 3710, 5040, 508, 9, 49, 985.98, 12.57
1071855, 407, 112, -791, -9170, 4620, 7840, 484, 4, 51, 985.94, 12.58
1071895, 397, 71, -1024, -9310, 2940, 7210, 487, 21, 60, 985.98, 12.58
1071935, 553, 117, -897, -8820, 5250, 7000, 486, 19, 45, 985.92, 12.58
1071975, 324, -81, -865, -8260, 3220, 8540, 484, 24, 51, 985.94, 12.57
1072015, 364, -88, -1022, -8470, 2380, 3780, 483, 28, 60, 985.91, 12.58
1072055, 263, 7, -909, -7490, 910, 350, 502, 28, 52, 985.86, 12.57
1072095, 173, 51, -1009, -7980, -1820, 1330, 502, 25, 54, 985.93, 12.58
1072135, 339, 16, -855, -8750, 560, 2100, 466, 34, 43, 985.97, 12.58
1072175, 356, -6, -886, -9240, 280, 1820, 484, 33, 57, 985.98, 12.58
1072215, 318, -16, -1015, -9520, -280, 840, 495, 28, 55, 985.97, 12.57
1072255, 386, -64, -883, -10850, 3150, -210, 483, 43, 42, 986.03, 12.57
1072295, 375, -55, -850, -10290, 2940, -3360, 465, 42, 51, 985.99, 12.58
1072335, 396, 40, -1044, -9870, 840, -5040, 490, 45, 57, 985.98, 12.57
1072375, 282, -41, -912, -7560, 1260, -4340, 487, 40, 48, 986.01, 12.58
1072415, 187, -18, -970, -6720, -980, -5460, 495, 42, 37, 985.98, 12.57
1072455, 304, -60, -816, -6020, 1400, -5110, 477, 45, 46, 985.98, 12.57
1072495, 221, -48, -975, -4480, -2380, -6720, 499, 52, 52, 986.02, 12.58
1072535, 345, -3, -938, -3500, -2660, -8330, 484, 52, 27, 986.04, 12.58
1072575, 240, 15, -826, -3290, -2940, -6020, 483, 48, 39, 986.02, 12.59
1072615, 308, -29, -1089, -770, -3780, -5250, 490, 40, 46, 986.04, 12.59
1072655, 276, -93, -882, 3570, -3990, -6510, 498, 37, 45, 986.02, 12.58
1072695, 130, -10, -1004, 5810, -4690, -9660, 507, 39, 45, 986.04, 12.58
1072735, 376, -9, -1007, 8470, -910, -8050, 498, 43, 37, 986.03, 12.58
1072775, 290, -49, -851, 11200, -1750, -7420, 493, 33, 49, 986.03, 12.58
1072815, 134, 34, -898, 13090, -4830, -6440, 514, 27, 49, 986.09, 12.58
1072855, 308, 16, -991, 11480, -3500, -2590, 496, 27, 39, 986.06, 12.58
1072895, 185, -2, -992, 10640, -3080, -770, 490, 24, 43, 986.04, 12.58
1072935, 206, 104, -1002, 6860, -2030, 2030, 496, 16, 49, 986.09, 12.58
1072975, 218, 0, -620, 3990, -1680, 7910, 499, 21, 42, 986.05, 12.58
1073015, 97, 42, -1086, -210, -7140, 7700, 507, 31, 39, 986.06, 12.58
1073055, 391, -16, -1018, -2240, -2310, 7910, 492, 21, 36, 986.07, 12.58
1073095, 205, -44, -927, -4480, -3080, 6090, 490, 28, 43, 986.09, 12.59
1073135, 401, -24, -1171, -5740, 210, 4550, 501, 24, 39, 986.10, 12.60
1073175, 680, 28, -644, -8050, 6650, 1540, 486, 37, 31, 986.13, 12.60
1073215, 360, 13, -872, -6370, 7770, -840, 469, 33, 34, 986.15, 12.60
1073255, 170, -74, -972, -5040, 3500, -1190, 486, 39, 48, 986.12, 12.61
1073295, 335, 41, -1052, -3920, 1470, -3290, 498, 39, 36, 986.09, 12.61
1073335, 365, -126, -990, -2590, 4550, -2730, 501, 42, 31, 986.15, 12.61
1073375, 396, -73, -668, -630, 5110, -6440, 478, 36, 33, 986.14, 12.61
1073415, 392, -19, -1105, 1330, 1120, -8190, 489, 31, 54, 986.17, 12.61
1073455, 455, 33, -728, 4060, 2450, -7770, 495, 36, 30, 986.13, 12.61
1073495, 378, -12, -776, 7280, -2520, -6510, 490, 27, 28, 986.14, 12.61
1073535, 242, 17, -656, 10290, -6580, -5740, 484, 31, 39, 986.14, 12.62
1073575, 456, -38, -1749, 14000, -6720, -5460, 492, 18, 46, 986.07, 12.62
1073615, 485, -74, -15, 16030, 14560, -5670, 486, 30, 39, 986.09, 12.62
1073655, 256, -40, -1055, 14490, 8120, -3780, 501, 19, 24, 986.08, 12.62
1073695, 467, 59, -817, 14560, 18760, -840, 471, 13, 42, 986.06, 12.62
1073735, 367, 87, -934, 16520, 7630, 2940, 484, 4, 43, 986.04, 12.62
1073775, 320, -26, -1006, 15540, -7910, 3290, 499, -1, 42, 986.06, 12.62
1073815, 85, -51, -1008, 13720, -2170, 8610, 478, -3, 40, 986.06, 12.62
1073855, 532, 4, -779, 9590, 3500, 8190, 475, -9, 54, 986.05, 12.63
1073895, 502, 19, -842, 5320, 1470, 10010, 487, 0, 52, 986.09, 12.62
1073935, 276, -27, -771, 3080, 280, 11620, 492, -4, 48, 986.18, 12.63
1073975, 317, 42, -961, 1610, -1680, 10990, 484, -15, 39, 986.14, 12.62
1074015, 465, -25, -773, 980, 700, 11900, 478, -16, 49, 986.13, 12.62
1074055, 389, -20, -1014, 1050, -1120, 10150, 483, -19, 54, 986.13, 12.63
1074095, 370, 73, -909, 560, -140, 9520, 477, -12, 37, 986.13, 12.62
1074135, 398, -46, -773, 980, 770, 10920, 468, -13, 39, 986.15, 12.63
1074175, 395, -19, -1017, -490, -490, 9520, 478, -10, 48, 986.22, 12.63
1074215, 342, -21, -748, -770, 420, 8960, 478, -13, 45, 986.16, 12.63
1074255, 313, -39, -1031, -3570, -1750, 9240, 480, -16, 45, 986.15, 12.64
1074295, 441, 109, -767, -7350, 840, 9870, 474, -16, 37, 986.15, 12.63
1074335, 412, 11, -876, -8890, 1610, 12880, 465, -7, 42, 986.12, 12.63
1074375, 294, 61, -968, -9730, -1470, 11550, 474, 1, 37, 986.15, 12.63
1074415, 603, -43, -782, -10990, 2450, 11690, 459, 6, 25, 986.13, 12.62
1074455, 225, -49, -1041, -11620, -1330, 8750, 469, 13, 39, 986.15, 12.62
1074495, 384, -24, -845, -12040, 1330, 6720, 474, 9, 31, 986.17, 12.62
1074535, 478, -77, -582, -11480, 1260, 4340, 475, 24, 22, 986.13, 12.62
1074575, 226, 20, -1156, -10570, -6510, 1400, 475, 21, 1, 986.11, 12.63
1074615, 479, -88, -1305, -8820, 1890, 2100, 465, 27, 13, 986.14, 12.62
1074655, 424, -49, -91, -7910, 7560, -140, 474, 24, 34, 986.14, 12.62
1074695, 462, 22, -1407, -7140, -490, -1750, 483, 28, 18, 986.15, 12.62
1074735, 459, 8, -478, -5390, 8120, -1050, 477, 36, 18, 986.19, 12.62
1074775, 21, 10, -686, -3780, -9660, 70, 481, 28, 27, 986.16, 12.62
1074815, 626, -3, -1905, -5040, -6930, -280, 484, 28, 43, 986.19, 12.62
1074855, 370, -30, 249, -11690, 1960, 2730, 480, 46, 33, 986.21, 12.62
1074895, 665, 68, -461, -11410, 13020, 4970, 475, 30, 30, 986.17, 12.62
1074935, 210, -99, -1162, -10010, -980, 3780, 474, 39, 54, 986.16, 12.62
1074975, 316, -47, -775, -12880, -7490, 840, 496, 37, 36, 986.19, 12.62
1075015, 415, 23, -985, -14280, -350, 1540, 475, 45, 22, 986.15, 12.61
1075055, 400, -36, -748, -14140, 210, -770, 475, 48, 39, 986.12, 12.61
1075095, 383, -55, -1000, -13160, -1960, -3360, 481, 51, 43, 986.16, 12.61
1075135, 339, -27, -682, -10360, -350, -6650, 478, 54, 31, 986.14, 12.60
1075175, 410, -22, -1067, -7420, -1190, -7490, 484, 55, 18, 986.20, 12.60
1075215, 408, -67, -785, -4270, 1400, -8260, 468, 58, 24, 986.24, 12.60
1075255, 406, 16, -949, -1190, 350, -10570, 481, 60, 37, 986.18, 12.60
1075295, 469, 22, -899, 770, -140, -9450, 483, 66, 25, 986.19, 12.59
1075335, 322, 0, -922, 3080, -350, -7490, 477, 55, 33, 986.19, 12.60
1075375, 371, -49, -1083, 5600, 140, -6440, 483, 48, 49, 986.21, 12.60
1075415, 461, -39, -827, 6300, 5810, -7210, 480, 48, 40, 986.20, 12.59
1075455, 308, 18, -836, 6230, 2660, -5670, 498, 46, 19, 986.20, 12.60
1075495, 540, -5, -959, 5320, 4340, -2730, 469, 52, 30, 986.24, 12.60
1075535, 341, -49, -815, 5810, 1610, -2170, 474, 37, 54, 986.22, 12.60
1075575, 286, 44, -765, 4690, -2030, -2170, 475, 36, 37, 986.17, 12.60
1075615, 480, 13, -1145, 3430, -4200, 490, 478, 36, 31, 986.22, 12.60
1075655, 283, -31, -836, 3920, -1260, 840, 471, 36, 42, 986.14, 12.60
1075695, 306, -21, -839, 2730, 0, 140, 471, 36, 40, 986.19, 12.60
1075735, 540, 52, -1005, 1750, 3500, 350, 475, 40, 36, 986.26, 12.60
1075775, 337, 29, -607, 1610, 2590, 2240, 477, 39, 21, 986.25, 12.60
1075815, 360, -11, -978, 980, -2800, 3430, 477, 34, 36, 986.25, 12.60
1075855, 422, 8, -1112, 280, -980, 2380, 483, 22, 27, 986.26, 12.60
1075895, 304, 12, -718, -840, 1050, 2310, 477, 36, 21, 986.25, 12.59
1075935, 280, 21, -920, -1960, -1610, 2730, 478, 37, 43, 986.23, 12.58
1075975, 373, -8, -939, -1750, -700, 2800, 486, 30, 39, 986.25, 12.59
1076015, 239, -72, -720, -490, -3710, 1190, 490, 31, 39, 986.28, 12.58
1076055, 226, 7, -1110, -420, -7070, -210, 489, 39, 18, 986.26, 12.58
1076095, 434, -38, -742, 1120, -420, -70, 490, 31, 39, 986.22, 12.57
1076135, 363, -22, -1030, 2660, -2660, -1820, 487, 27, 52, 986.26, 12.57
1076175, 355, 9, -944, 4550, 840, -2170, 493, 24, 31, 986.23, 12.57
1076215, 363, 9, -935, 3780, 2800, -980, 477, 19, 43, 986.29, 12.57
1076255, 293, -11, -954, 4410, 3220, 630, 480, 24, 48, 986.26, 12.57
1076295, 255, 22, -861, 4270, 2240, 1680, 480, 16, 42, 986.22, 12.57
1076335, 218, -39, -959, 4480, -1750, 1820, 502, 13, 51, 986.25, 12.56
1076375, 266, -1, -1072, 4200, -3220, 2170, 483, 16, 46, 986.23, 12.56
1076415, 278, -78, -901, 3850, -2380, 2800, 489, 10, 55, 986.29, 12.56
1076455, 418, 0, -919, 4690, 1050, 1470, 487, 18, 42, 986.27, 12.56
1076495, 321, 24, -873, 4550, 1330, 1890, 480, 7, 43, 986.21, 12.56
1076535, 217, 24, -925, 5950, -210, 4830, 481, 3, 46, 986.26, 12.56
1076575, 212, -49, -860, 6440, -210, 3990, 484, 4, 55, 986.27, 12.55
1076615, 282, 42, -1000, 6300, -1330, 3500, 487, 1, 52, 986.25, 12.56
1076655, 257, -22, -943, 7140, -770, 5600, 496, 6, 28, 986.24, 12.55
1076695, 400, -30, -941, 7210, 910, 5950, 475, 1, 48, 986.24, 12.56
1076735, 320, 14, -894, 6790, 2240, 5880, 480, -13, 54, 986.21, 12.56
1076775, 283, 11, -1018, 6510, 1120, 7700, 477, -9, 40, 986.23, 12.56
1076815, 300, 0, -877, 6440, 3150, 8260, 480, -12, 37, 986.20, 12.56
1076855, 198, -13, -1011, 6300, -140, 9170, 478, -12, 51, 986.23, 12.56
1076895, 278, -43, -919, 7630, -1470, 9590, 484, -16, 40, 986.29, 12.56
1076935, 236, 15, -1002, 7070, -4830, 10640, 483, -13, 39, 986.29, 12.56
1076975, 248, -47, -959, 6650, -1470, 11270, 477, -18, 37, 986.31, 12.56
1077015, 377, -1, -883, 6090, -700, 12880, 474, -12, 55, 986.26, 12.56
1077055, 343, 38, -965, 4130, 840, 12390, 486, -18, 52, 986.26, 12.56
1077095, 333, 31, -917, 1960, 2520, 14000, 480, -15, 31, 986.29, 12.56
1077135, 258, 4, -1051, 210, 1960, 15400, 472, -3, 45, 986.30, 12.57
1077175, 240, -22, -1015, -1330, 1540, 15400, 472, -12, 58, 986.31, 12.56
1077215, 274, 21, -871, -3850, 2800, 15050, 477, -6, 52, 986.25, 12.57
1077255, 216, 27, -1036, -6020, -70, 15750, 469, -9, 40, 986.26, 12.57
1077295, 258, -14, -915, -8890, 840, 16660, 469, -3, 39, 986.24, 12.58
1077335, 348, -37, -1011, -11340, 840, 16310, 462, -7, 43, 986.28, 12.57
1077375, 332, 12, -952, -13440, 3570, 14140, 480, 6, 42, 986.27, 12.58
1077415, 331, 104, -912, -16940, 4690, 14140, 460, 16, 33, 986.29, 12.57
1077455, 332, 53, -891, -20650, 3710, 15610, 460, 16, 34, 986.30, 12.57
1077495, 292, 1, -903, -23590, 1470, 14910, 463, 25, 45, 986.28, 12.58
1077535, 345, -12, -1049, -27370, 1680, 12600, 466, 31, 37, 986.32, 12.58
1077575, 197, -67, -938, -29820, 1050, 10220, 454, 36, 37, 986.34, 12.58
1077615, 332, -8, -989, -32830, 2170, 7070, 466, 55, 25, 986.30, 12.58
1077655, 264, -2, -749, -34090, 3010, 4480, 459, 67, 31, 986.33, 12.58
1077695, 403, 3, -905, -35000, 1330, 2520, 456, 79, 42, 986.34, 12.58
1077735, 361, -116, -1005, -33950, 210, -1470, 456, 82, 22, 986.30, 12.58
1077775, 365, -109, -717, -33670, 2030, -6790, 453, 81, 6, 986.27, 12.58
1077815, 221, -83, -817, -31010, -1470, -13090, 462, 99, 16, 986.31, 12.58
1077855, 293, -30, -1167, -26810, -2240, -17010, 457, 106, 25, 986.29, 12.57
1077895, 347, -57, -536, -22400, 770, -19810, 462, 111, 13, 986.32, 12.58
1077935, 76, -63, -1293, -20160, -9240, -21350, 477, 117, 13, 986.33, 12.58
1077975, 176, -23, -972, -18270, 560, -22750, 465, 121, 13, 986.33, 12.58
1078015, 701, -153, -931, -17220, 11270, -23100, 466, 124, 16, 986.32, 12.58
1078055, 94, -69, -839, -10150, 6160, -28490, 468, 115, 21, 986.30, 12.58
1078095, 937, -5, -667, -7630, 18690, -28420, 471, 124, 7, 986.30, 12.58
1078135, -293, -15, -1172, -3010, -5110, -28420, 468, 111, 10, 986.30, 12.58
1078175, 407, 39, -866, -2170, -560, -27230, 481, 117, 12, 986.34, 12.57
1078215, 151, -192, -931, 4340, -2170, -30240, 499, 121, 15, 986.33, 12.56
1078255, 733, -80, -941, 770, 11900, -24080, 492, 106, 9, 986.28, 12.57
1078295, -69, 128, -1211, 4340, 6370, -26670, 493, 115, 10, 986.32, 12.57
1078335, 925, 166, -523, 2520, 12320, -21070, 481, 115, 7, 986.36, 12.57
1078375, 309, -1, -324, 3500, 10850, -19320, 499, 102, 22, 986.36, 12.57
1078415, 341, 140, -790, 7630, 10150, -17500, 495, 108, 0, 986.40, 12.58
1078455, 460, -273, -762, 10360, 3640, -15540, 489, 102, 13, 986.35, 12.57
1078495, 166, 158, -1075, 9520, -1190, -22820, 498, 105, 21, 986.35, 12.57
1078535, -234, -77, -1082, 8750, -5110, -18900, 505, 102, 28, 986.39, 12.57
1078575, 737, 75, -182, 9170, 4270, -19810, 513, 88, 15, 986.42, 12.57
1078615, 310, -114, -1822, 10360, -2240, -18550, 513, 79, 25, 986.40, 12.57
1078655, 452, 152, -285, 8120, 23170, -19460, 498, 81, 24, 986.34, 12.57
1078695, 443, 79, -899, 6510, 18060, -13790, 504, 76, 36, 986.34, 12.57
1078735, 58, 139, -864, 4900, 14910, -11340, 501, 76, 27, 986.36, 12.57
1078775, 1324, 72, -848, 3010, 21490, -7910, 495, 76, 30, 986.35, 12.57
1078815, -445, -68, -1183, 3850, -7910, -12670, 504, 85, 34, 986.35, 12.58
1078855, 398, -87, -1174, 1470, 700, -11900, 499, 73, 45, 986.32, 12.57
1078895, 526, -45, -541, 840, 6790, -13300, 514, 70, 42, 986.32, 12.58
1078935, 310, 41, -1129, -560, 2730, -15890, 517, 72, 40, 986.36, 12.58
1078975, 423, -11, -709, -1330, 4270, -15260, 511, 81, 36, 986.39, 12.58
1079015, 432, -28, -908, -280, 2660, -17220, 519, 70, 42, 986.36, 12.58
1079055, 253, -6, -961, 280, 2450, -17990, 514, 63, 51, 986.39, 12.58
1079095, 524, -10, -996, 770, 6020, -18970, 511, 63, 39, 986.37, 12.59
1079135, 367, -2, -934, 3150, 4900, -20370, 502, 61, 46, 986.38, 12.59
1079175, 460, 6, -995, 4480, 5250, -21420, 505, 60, 61, 986.39, 12.59
1079215, 414, -13, -955, 7000, 7700, -20160, 511, 49, 54, 986.40, 12.59
1079255, 400, -36, -986, 8400, 8400, -22260, 510, 51, 54, 986.38, 12.58
1079295, 420, -49, -1017, 8960, 9030, -23030, 514, 42, 54, 986.38, 12.58
1079335, 403, 49, -732, 11060, 10570, -22890, 505, 43, 58, 986.44, 12.58
1079375, 400, 29, -1200, 10850, 7000, -20790, 516, 28, 78, 986.41, 12.58
1079415, 495, 13, -745, 13580, 11200, -21140, 514, 25, 60, 986.41, 12.58
1079455, 375, 93, -1090, 13370, 7280, -19180, 504, 15, 61, 986.40, 12.58
1079495, 343, -29, -904, 14280, 7350, -15260, 496, 18, 82, 986.39, 12.57
1079535, 381, -39, -1067, 13790, 6860, -15470, 499, 3, 78, 986.35, 12.58
1079575, 336, 18, -874, 13370, 7000, -16520, 502, 9, 72, 986.36, 12.58
1079615, 537, -51, -929, 13230, 7770, -15820, 502, -3, 76, 986.43, 12.58
1079655, 257, -6, -907, 13230, 4410, -17570, 499, -12, 72, 986.40, 12.58
1079695, 496, -25, -1111, 13860, 7490, -15890, 499, -18, 94, 986.36, 12.58
1079735, 452, -59, -935, 14910, 10850, -17080, 502, -24, 102, 986.35, 12.58
1079775, 399, 50, -1374, 14140, 10640, -16310, 492, -25, 85, 986.37, 12.59
1079815, 634, -74, -811, 13720, 22260, -13580, 481, -31, 100, 986.39, 12.59
1079855, 282, 144, -332, 15190, 17430, -15750, 481, -36, 124, 986.45, 12.59
1079895, 377, 29, -1085, 15610, 2100, -8960, 481, -37, 114, 986.40, 12.59
1079935, 75, -63, -1125, 14910, -9310, -11900, 472, -39, 109, 986.35, 12.60
1079975, 247, 94, -1006, 11690, -10150, -10990, 466, -33, 97, 986.42, 12.60
1080015, 519, -16, -729, 12250, 3640, -6790, 459, -31, 103, 986.43, 12.59
1080055, 537, 37, -867, 12810, 4410, -8820, 462, -33, 108, 986.42, 12.60
1080095, 472, -31, -790, 15680, 4340, -9310, 478, -40, 94, 986.35, 12.61
1080135, 423, -63, -900, 18480, 3780, -10430, 456, -42, 105, 986.36, 12.61
1080175, 368, -26, -933, 21560, 2800, -12320, 451, -60, 108, 986.36, 12.62
1080215, 398, 4, -946, 23240, 2660, -11760, 454, -63, 108, 986.44, 12.61
1080255, 381, 34, -922, 23520, 2940, -10010, 468, -70, 97, 986.43, 12.62
1080295, 279, 106, -985, 21490, -280, -5740, 457, -79, 97, 986.43, 12.63
1080335, 469, 37, -841, 19250, 2800, -490, 454, -75, 94, 986.40, 12.63
1080375, 351, -38, -772, 16590, 1260, 2030, 462, -91, 102, 986.39, 12.63
1080415, 391, -30, -953, 13020, -140, 2590, 471, -91, 105, 986.34, 12.63
1080455, 440, -17, -904, 9100, 3360, 2380, 465, -93, 93, 986.34, 12.64
1080495, 412, 117, -887, 6580, 1680, 2520, 457, -100, 100, 986.38, 12.64
1080535, 373, 106, -902, 5460, 840, 6230, 459, -96, 114, 986.44, 12.63
1080575, 353, -30, -860, 3360, 1890, 8890, 463, -90, 114, 986.47, 12.63
1080615, 356, -20, -861, 210, 490, 5810, 462, -100, 111, 986.36, 12.63
1080655, 368, 27, -1001, -1890, -1260, 4270, 454, -99, 91, 986.34, 12.63
1080695, 415, 88, -791, -2940, -490, 4480, 450, -91, 85, 986.38, 12.64
1080735, 403, 95, -932, -1890, -1330, 4340, 438, -96, 99, 986.35, 12.63
1080775, 481, -18, -862, -210, 1400, 3850, 450, -91, 96, 986.42, 12.63
1080815, 402, -11, -773, -1820, 1610, 2940, 448, -85, 78, 986.42, 12.63
1080855, 290, -73, -1018, -3920, -1540, 2940, 445, -84, 79, 986.32, 12.63
1080895, 491, -14, -907, -5740, 910, 1960, 444, -84, 90, 986.37, 12.64
1080935, 358, -69, -915, -7420, -630, 2310, 457, -81, 82, 986.38, 12.65
1080975, 314, -101, -878, -9170, -770, 140, 451, -82, 84, 986.37, 12.64
1081015, 345, -50, -922, -5880, 700, -4410, 457, -82, 75, 986.44, 12.64
1081055, 312, -27, -874, -2310, 700, -7700, 444, -76, 72, 986.42, 12.64
1081095, 478, -43, -857, 3430, 700, -10990, 445, -87, 78, 986.36, 12.65
1081135, 489, -46, -878, 7490, 420, -12110, 453, -87, 79, 986.37, 12.65
1081175, 538, -53, -963, 8260, 700, -12460, 456, -94, 67, 986.39, 12.65
1081215, 393, -30, -737, 8470, 2450, -12390, 439, -97, 70, 986.38, 12.65
1081255, 407, 61, -1085, 6860, -770, -10150, 442, -99, 72, 986.35, 12.66
1081295, 341, 64, -811, 6440, 1680, -7770, 444, -103, 76, 986.37, 12.66
1081335, 218, 84, -883, 4970, 70, -3500, 445, -108, 72, 986.38, 12.67
1081375, 294, 17, -980, 3360, -1680, 910, 456, -109, 58, 986.37, 12.67
1081415, 431, 74, -822, 140, 1260, 2450, 435, -103, 60, 986.33, 12.67
1081455, 460, -18, -844, 0, -350, 2940, 444, -103, 69, 986.32, 12.67
1081495, 529, -23, -917, 210, 1330, 2590, 450, -108, 64, 986.36, 12.67
1081535, 446, -24, -829, -1750, 2800, 1610, 445, -97, 46, 986.35, 12.67
1081575, 454, 26, -959, -2520, -840, 2940, 438, -90, 46, 986.36, 12.68
1081615, 289, -40, -1036, -2590, -420, -1260, 441, -93, 49, 986.32, 12.68
1081655, 251, -73, -817, -280, 1610, -1960, 448, -84, 64, 986.30, 12.68
1081695, 300, -27, -900, 210, -280, -7000, 465, -76, 63, 986.37, 12.68
1081735, 371, 3, -793, 2800, -910, -8260, 457, -82, 54, 986.34, 12.68
1081775, 598, -65, -996, 4480, 420, -7630, 457, -97, 57, 986.34, 12.68
1081815, 578, 37, -744, 5180, 1960, -7910, 457, -91, 55, 986.39, 12.69
1081855, 397, -31, -993, 6230, -1400, -6090, 456, -91, 70, 986.40, 12.70
1081895, 330, -116, -849, 5530, 1120, -6650, 471, -90, 57, 986.40, 12.69
1081935, 404, 32, -858, 3780, 1890, -9030, 450, -93, 51, 986.40, 12.70
1081975, 265, 191, -1143, 1050, -2660, -4900, 451, -97, 66, 986.40, 12.70
1082015, 374, 90, -656, -210, 2240, 1050, 460, -96, 67, 986.34, 12.70
1082055, 229, 1, -859, -3290, -350, 5390, 471, -102, 81, 986.37, 12.70
1082095, 516, -72, -576, -3500, -1680, 4620, 465, -93, 66, 986.37, 12.69
1082135, 414, -129, -1398, -4270, -4970, 700, 471, -93, 60, 986.36, 12.70
1082175, 716, 125, -571, -2240, 2800, -3360, 456, -94, 63, 986.38, 12.69
1082215, 113, -17, -948, -140, -2100, -1820, 465, -97, 73, 986.35, 12.69
1082255, 495, -11, -998, 1470, -350, -980, 471, -102, 87, 986.43, 12.69
1082295, 375, -41, -770, 1890, 2520, -1260, 472, -94, 63, 986.34, 12.69
1082335, 309, -180, -1052, 1190, 1820, -1960, 465, -96, 61, 986.33, 12.69
1082375, 194, -69, -825, 1890, -1890, -6510, 462, -105, 78, 986.33, 12.69
1082415, 389, -90, -973, 3570, -350, -8820, 463, -102, 82, 986.33, 12.69
1082455, 549, -101, -751, 5110, 2590, -9310, 466, -106, 72, 986.38, 12.69
1082495, 547, -32, -884, 4550, 350, -10360, 454, -106, 72, 986.38, 12.68
1082535, 442, 64, -869, 3990, -210, -9730, 460, -114, 60, 986.36, 12.69
1082575, 377, -24, -918, 4480, 420, -8260, 445, -112, 78, 986.39, 12.69
1082615, 314, 98, -1031, 5950, -1470, -9380, 453, -118, 78, 986.40, 12.70
1082655, 268, 218, -906, 8260, 700, -6300, 465, -111, 70, 986.38, 12.70
1082695, 338, 71, -778, 5530, 2730, 3710, 456, -112, 55, 986.42, 12.70
1082735, 466, -19, -842, 3710, 420, 5460, 447, -117, 63, 986.37, 12.70
1082775, 642, 91, -745, 5880, 1330, 3080, 450, -118, 78, 986.39, 12.70
1082815, 529, -4, -867, 2730, 1470, 7700, 453, -120, 67, 986.34, 12.70
1082855, 259, -63, -894, 4690, -980, 5530, 456, -123, 63, 986.38, 12.70
1082895, 296, -34, -1192, 1890, -4060, 6370, 463, -124, 55, 986.41, 12.70
1082935, 288, -108, -843, 490, -1260, 5600, 450, -121, 58, 986.39, 12.70
1082975, 266, -16, -828, -2100, -1820, 1820, 456, -117, 66, 986.40, 12.70
1083015, 501, 29, -698, -5320, -1330, 2660, 468, -115, 60, 986.42, 12.70
1083055, 623, -68, -733, -7000, -210, 4270, 465, -111, 52, 986.40, 12.70
1083095, 620, -46, -803, -6790, 560, 1260, 456, -112, 51, 986.34, 12.70
1083135, 350, -82, -1017, -3850, -1540, -4690, 454, -114, 60, 986.34, 12.71
1083175, 202, -27, -1056, 770, -1190, -9450, 465, -106, 66, 986.36, 12.70
1083215, 221, 29, -918, 4130, -140, -8260, 471, -123, 67, 986.33, 12.71
1083255, 331, 33, -984, 6580, 420, -5250, 468, -118, 70, 986.37, 12.71
1083295, 440, 42, -805, 4900, 1120, -420, 465, -115, 69, 986.35, 12.71
1083335, 545, 148, -754, 2870, 280, 2240, 456, -124, 73, 986.38, 12.71
1083375, 556, 30, -884, 2660, 1260, 6930, 451, -115, 79, 986.43, 12.70
1083415, 680, 70, -818, 2380, 4340, 7770, 466, -120, 67, 986.43, 12.70
1083455, 409, 98, -702, 2660, 1680, 9030, 457, -115, 61, 986.46, 12.70
1083495, 204, 25, -593, 3150, -5040, 8190, 450, -115, 57, 986.44, 12.70
1083535, 91, 41, -1575, 1960, -14630, 7210, 462, -120, 67, 986.38, 12.70
1083575, 362, -18, -898, 8050, -3290, 6370, 462, -121, 64, 986.37, 12.70
1083615, 371, -212, -866, 5950, 1750, 5530, 456, -115, 46, 986.43, 12.69
1083655, 502, -147, -829, 2380, 3010, 2870, 459, -117, 37, 986.40, 12.70
1083695, 554, -87, -668, -280, 11270, -630, 442, -118, 33, 986.40, 12.69
1083735, 899, 86, -659, -2940, 13440, -1120, 439, -126, 40, 986.40, 12.70
1083775, 281, -30, -1118, -3290, 630, 1540, 450, -123, 43, 986.40, 12.69
1083815, 415, -138, -612, -4690, 5250, 420, 451, -118, 24, 986.47, 12.68
1083855, 24, 46, -722, -9310, -3570, 2520, 453, -124, 28, 986.38, 12.69
1083895, 282, 42, -1281, -12460, -15890, 5110, 456, -124, 37, 986.39, 12.70
1083935, 395, 83, -869, -13860, -4620, 5110, 465, -120, 33, 986.38, 12.69
1083975, 830, 137, 84, -15120, -70, 6650, 484, -124, 28, 986.40, 12.69
1084015, -136, 108, -520, -10290, -27580, 7140, 481, -115, 24, 986.38, 12.68
1084055, 688, -9, -1101, -7700, -9030, 5530, 474, -121, 24, 986.37, 12.68
1084095, 1084, 25, -670, -6090, 20790, 4550, 475, -114, 31, 986.37, 12.69
1084135, -46, -243, -1158, -4620, 12880, 770, 475, -112, 39, 986.41, 12.68
1084175, -141, -61, -1283, -3500, 31990, -7560, 469, -124, 31, 986.40, 12.68
1084215, 1062, -106, -396, -210, 45710, -7630, 453, -106, 36, 986.39, 12.68
1084255, -313, 137, -554, 1820, 2730, -5740, 453, -111, 30, 986.35, 12.69
1084295, 362, -254, -1300, -910, -6720, -1190, 456, -121, 43, 986.34, 12.68
1084335, 211, -224, -1019, -350, -18410, -10290, 477, -123, 40, 986.36, 12.69
1084375, 691, 7, -641, -560, -4200, -13160, 465, -117, 42, 986.36, 12.69
1084415, 561, -85, -727, -2380, 3150, -8820, 463, -121, 30, 986.36, 12.69
1084455, 252, 254, -943, -1120, 2520, -12040, 448, -117, 45, 986.37, 12.69
1084495, 388, 74, -1010, 560, 6230, -4480, 463, -115, 49, 986.37, 12.70
1084535, 419, 2, -803, 350, 6090, -1470, 472, -121, 46, 986.39, 12.70
1084575, 485, 89, -1023, -1470, 3780, -560, 451, -126, 36, 986.35, 12.70
1084615, 574, 42, -682, -3150, 5670, 2240, 453, -112, 40, 986.41, 12.70
1084655, 568, 8, -774, -4340, 1050, 2240, 462, -126, 61, 986.34, 12.70
1084695, 342, -11, -1031, -3500, -4270, 2520, 484, -129, 55, 986.39, 12.70
1084735, 479, 112, -702, -1960, 420, 1680, 463, -121, 51, 986.42, 12.70
1084775, 189, -14, -1269, 1960, -2240, 560, 474, -126, 48, 986.35, 12.70
1084815, 497, 37, -763, 3990, 2030, -770, 453, -132, 57, 986.42, 12.70
1084855, 391, -95, -884, 9100, 1680, -2100, 465, -142, 75, 986.39, 12.70
1084895, 368, -122, -910, 13580, 2800, -4970, 474, -156, 67, 986.37, 12.69
1084935, 418, -184, -812, 14910, 2100, -10640, 469, -157, 57, 986.41, 12.70
1084975, 603, -94, -1045, 14910, -1470, -9170, 444, -171, 60, 986.38, 12.70
1085015, 644, -104, -750, 10710, 5670, -7560, 433, -168, 67, 986.43, 12.71
1085055, 284, -18, -956, 7000, 700, -4760, 442, -169, 73, 986.34, 12.71
1085095, 141, 163, -950, 1890, 420, 1050, 438, -166, 57, 986.40, 12.71
1085135, 438, 270, -890, 560, -140, 4130, 435, -175, 57, 986.34, 12.71
1085175, 358, -3, -891, -1890, -4410, 13090, 427, -166, 46, 986.36, 12.72
1085215, 358, 59, -751, -3850, -2170, 11900, 432, -163, 52, 986.35, 12.71
1085255, 680, 151, -816, -4130, -490, 10570, 433, -163, 63, 986.34, 12.72
1085295, 509, -8, -817, -5320, 210, 12950, 438, -168, 46, 986.41, 12.72
1085335, 554, 94, -743, -7140, 2520, 12950, 430, -147, 42, 986.43, 12.72
1085375, 306, -4, -1032, -8330, -980, 12880, 412, -150, 40, 986.41, 12.73
1085415, 244, -14, -1021, -7140, -2100, 9800, 423, -150, 36, 986.38, 12.73
1085455, 350, -80, -1014, -6440, -840, 7840, 442, -145, 30, 986.39, 12.73
1085495, 397, -186, -809, -3570, 1820, 2100, 433, -145, 13, 986.34, 12.74
1085535, 421, -202, -797, -1400, 1750, -2310, 435, -138, 15, 986.36, 12.74
1085575, 551, -141, -742, -630, 1330, -6720, 430, -135, 10, 986.33, 12.74
1085615, 545, -60, -812, -560, 1330, -8890, 430, -138, 18, 986.39, 12.74
1085655, 598, -29, -974, 70, 2100, -9450, 442, -138, 10, 986.37, 12.74
1085695, 392, 33, -820, -1260, 2870, -8960, 435, -132, -9, 986.41, 12.73
1085735, 132, -21, -1103, -1190, 210, -4760, 421, -133, -10, 986.40, 12.74
1085775, 337, 1, -948, -1610, 420, -3010, 433, -130, -6, 986.38, 12.74
1085815, 406, 18, -886, -3080, -350, -2240, 450, -135, 6, 986.35, 12.74
1085855, 480, 112, -698, -4690, 1050, 70, 456, -124, -15, 986.30, 12.74
1085895, 487, 15, -876, -2520, -770, 2590, 453, -127, -13, 986.30, 12.74
1085935, 600, 28, -842, -2380, 910, 1680, 456, -123, -27, 986.34, 12.74
1085975, 609, 88, -809, 70, 2240, 2100, 459, -130, -15, 986.35, 12.73
1086015, 471, 81, -869, 2100, 1680, 3150, 466, -130, -4, 986.36, 12.74
1086055, 251, 50, -1038, 2870, 630, 4200, 486, -129, 0, 986.35, 12.73
1086095, 367, 67, -967, 1890, 2170, 4340, 487, -132, -6, 986.37, 12.74
1086135, 293, -44, -884, 1190, 1190, 6160, 468, -126, 0, 986.33, 12.74
1086175, 374, -147, -859, -630, -280, 5810, 480, -138, 15, 986.33, 12.74
1086215, 502, -209, -832, -2310, 420, 2940, 490, -129, 18, 986.38, 12.74
1086255, 591, -157, -687, -4620, 2310, -1330, 489, -135, 16, 986.42, 12.75
1086295, 564, -24, -875, -5320, 70, -5180, 487, -132, 24, 986.35, 12.74
1086335, 552, -120, -867, -3640, 700, -6930, 477, -133, 30, 986.33, 12.74
1086375, 216, 80, -1037, -1540, 1050, -10220, 471, -141, 43, 986.33, 12.74
1086415, 166, -16, -967, 2730, 0, -7490, 483, -142, 43, 986.35, 12.75
1086455, 365, -22, -982, 4410, -840, -5460, 487, -142, 36, 986.37, 12.75
1086495, 520, 204, -759, 2940, 2030, -4340, 468, -144, 36, 986.34, 12.76
1086535, 477, 157, -811, 5390, 700, 140, 468, -144, 45, 986.35, 12.75
1086575, 564, 26, -780, 5390, 140, 4970, 483, -145, 55, 986.36, 12.75
1086615, 512, 46, -783, 3850, 490, 7280, 481, -156, 58, 986.36, 12.75
1086655, 606, 67, -826, 4830, 1960, 7980, 465, -150, 58, 986.36, 12.75
1086695, 235, 5, -1047, 5880, -770, 10220, 472, -150, 60, 986.41, 12.75
1086735, 325, 1, -925, 4830, 280, 9730, 468, -159, 64, 986.37, 12.75
1086775, 396, -86, -898, 2380, 1120, 10220, 468, -159, 73, 986.30, 12.75
1086815, 451, -132, -823, 420, 1050, 9170, 474, -159, 79, 986.33, 12.75
1086855, 523, -74, -859, -1960, 2100, 7280, 468, -160, 69, 986.35, 12.75
1086895, 514, -135, -703, -2800, 3430, 5320, 451, -153, 78, 986.40, 12.75
1086935, 602, -99, -831, -4410, 1540, 1890, 448, -154, 78, 986.44, 12.76
1086975, 560, -114, -813, -4760, 1190, -1680, 442, -148, 93, 986.43, 12.75
1087015, 350, -235, -989, -6370, 1120, -2310, 450, -151, 91, 986.44, 12.76
1087055, 173, 19, -934, -8190, 70, -6230, 432, -144, 84, 986.41, 12.75
1087095, 321, 54, -1135, -7000, -1960, -2100, 430, -145, 70, 986.41, 12.75
1087135, 445, 185, -738, -7560, 1820, 560, 412, -138, 66, 986.36, 12.74
1087175, 491, 216, -763, -6090, 1120, 3710, 423, -136, 76, 986.34, 12.74
1087215, 564, 58, -902, -3710, 490, 6930, 421, -147, 78, 986.30, 12.74
1087255, 609, -35, -612, -3150, 2380, 7700, 432, -136, 60, 986.35, 12.74
1087295, 532, 21, -890, -4900, 350, 5880, 418, -145, 49, 986.31, 12.75
1087335, 356, 35, -923, -4130, -1050, 5810, 411, -144, 54, 986.34, 12.75
1087375, 232, 94, -1181, -2730, -1890, 4270, 405, -138, 54, 986.38, 12.76
1087415, 405, -66, -816, -1050, 1260, 6440, 421, -148, 45, 986.34, 12.75
1087455, 397, -60, -851, -980, 70, 2800, 426, -142, 31, 986.33, 12.75
1087495, 460, -147, -938, -1050, 770, 2730, 421, -135, 30, 986.33, 12.75
1087535, 493, -116, -789, -280, 2590, 70, 420, -141, 18, 986.35, 12.76
1087575, 575, -111, -756, 1540, 3360, -2380, 406, -138, 28, 986.34, 12.76
1087615, 528, -28, -781, 2730, 1050, -5180, 420, -124, 31, 986.26, 12.77
1087655, 521, -40, -891, 4620, 2310, -6090, 439, -135, 19, 986.30, 12.77
1087695, 449, -136, -887, 5880, 2940, -6440, 421, -129, 3, 986.34, 12.78
1087735, 194, -39, -1012, 4410, -1050, -7420, 429, -133, 22, 986.36, 12.78
1087775, 283, 36, -948, 4410, -2450, -5180, 430, -127, 19, 986.35, 12.78
1087815, 472, 113, -891, 6090, -840, -910, 453, -139, 18, 986.32, 12.78
1087855, 419, 139, -846, 2940, 630, 3920, 441, -133, 18, 986.32, 12.77
1087895, 577, 64, -786, 420, 2240, 7770, 450, -127, 16, 986.33, 12.78
1087935, 499, 92, -724, -5390, 1190, 12040, 448, -120, 7, 986.30, 12.78
1087975, 573, 185, -881, -12040, 770, 16520, 433, -115, 24, 986.28, 12.79
1088015, 538, 73, -843, -12810, 1610, 19320, 445, -118, 31, 986.27, 12.79
1088055, 404, 97, -914, -13160, 1190, 16940, 462, -114, 30, 986.32, 12.78
1088095, 224, -37, -1022, -11480, 770, 14280, 444, -115, 21, 986.27, 12.79
1088135, 323, -131, -948, -11270, 700, 10080, 441, -109, 34, 986.25, 12.78
1088175, 481, -153, -818, -12040, 630, 5040, 442, -111, 42, 986.34, 12.78
1088215, 539, -23, -851, -11480, -70, 910, 448, -106, 48, 986.30, 12.79
1088255, 509, -87, -648, -10080, 1610, 840, 439, -99, 25, 986.31, 12.79
1088295, 534, -116, -898, -3640, -210, -7770, 435, -93, 24, 986.26, 12.79
1088335, 519, -138, -919, -1470, 770, -11620, 414, -94, 13, 986.29, 12.78
1088375, 346, -156, -772, 420, 980, -15120, 420, -100, 18, 986.26, 12.79
1088415, 157, 5, -1165, 1540, -1750, -16030, 421, -102, 18, 986.30, 12.79
1088455, 336, 62, -856, 3850, 1400, -11410, 429, -103, 16, 986.31, 12.78
1088495, 492, 184, -874, 4410, 980, -7840, 423, -99, -1, 986.32, 12.79
1088535, 477, 124, -924, 4060, 840, -2170, 420, -91, -1, 986.33, 12.79
1088575, 474, 134, -737, 3710, 1820, 2100, 426, -99, 4, 986.33, 12.79
1088615, 621, 129, -753, 630, 1260, 6930, 438, -96, 9, 986.35, 12.80
1088655, 656, 54, -727, -3920, 140, 11130, 442, -111, 1, 986.36, 12.79
1088695, 501, 126, -874, -5950, -700, 10570, 436, -105, -1, 986.32, 12.79
1088735, 265, 170, -946, -5390, -980, 10080, 447, -112, -4, 986.34, 12.78
1088775, 207, -40, -1064, -2940, -2730, 10080, 439, -106, -19, 986.31, 12.78
1088815, 391, -84, -996, -2940, -490, 6510, 438, -117, -13, 986.31, 12.78
1088855, 454, -167, -840, -840, 2100, 2030, 448, -118, -15, 986.31, 12.79
1088895, 585, -129, -763, -1330, 4060, -630, 448, -123, -22, 986.30, 12.79
1088935, 566, -185, -715, -210, 3360, -1890, 447, -118, -28, 986.32, 12.79
1088975, 630, -83, -772, 980, 2800, -6510, 439, -132, -21, 986.35, 12.79
1089015, 534, -62, -871, 4480, 840, -9870, 457, -136, -12, 986.34, 12.80
1089055, 550, -152, -774, 6580, 1330, -10710, 463, -141, -21, 986.29, 12.79
1089095, 312, -160, -1073, 5320, -840, -11900, 472, -136, -30, 986.28, 12.80
1089135, 256, 47, -926, 3150, 350, -10850, 475, -142, -19, 986.29, 12.80
1089175, 352, 137, -993, 6650, -420, -7630, 472, -148, -30, 986.29, 12.80
1089215, 506, 74, -781, 4270, 2520, -1050, 474, -148, -12, 986.30, 12.80
1089255, 441, 38, -885, 2030, 2520, 2450, 490, -147, -10, 986.35, 12.79
1089295, 533, 75, -821, -2590, 2520, 4900, 499, -150, -19, 986.33, 12.79
1089335, 596, 91, -654, -9100, 2240, 10080, 483, -141, -21, 986.32, 12.79
1089375, 629, -28, -874, -12670, 420, 12880, 483, -142, -12, 986.32, 12.80
1089415, 437, 114, -841, -13930, 630, 7840, 484, -142, -3, 986.23, 12.80
1089455, 289, 120, -973, -10150, 280, 6930, 487, -136, -7, 986.23, 12.80
1089495, 257, -4, -1003, -3990, -1400, 5040, 490, -133, -6, 986.21, 12.80
1089535, 466, 77, -1035, -1050, -1400, 2380, 474, -126, -3, 986.29, 12.80
1089575, 482, -110, -674, 3710, 2870, 420, 471, -133, -9, 986.25, 12.81
1089615, 431, -216, -884, 9380, 280, -4550, 451, -126, 3, 986.28, 12.81
1089655, 496, -115, -761, 14490, 630, -8820, 456, -130, 19, 986.27, 12.82
1089695, 681, -47, -832, 16380, 1890, -9660, 459, -132, 27, 986.29, 12.82
1089735, 653, -54, -637, 16170, 2310, -8190, 453, -130, 30, 986.29, 12.83
1089775, 530, -103, -832, 14000, 70, -6790, 450, -136, 24, 986.29, 12.83
1089815, 267, -85, -948, 11130, -1050, -5810, 439, -142, 39, 986.30, 12.83
1089855, 143, 4, -1063, 6720, -2590, -1470, 450, -141, 46, 986.26, 12.83
1089895, 348, 39, -1021, 6020, -2310, 1960, 454, -150, 48, 986.30, 12.83
1089935, 425, 132, -811, 2520, -630, 5040, 444, -142, 52, 986.23, 12.84
1089975, 589, 49, -742, -1470, 910, 12810, 456, -139, 40, 986.24, 12.84
1090015, 491, 115, -800, -13440, 1400, 17360, 447, -141, 45, 986.19, 12.84
1090055, 652, -1, -635, -18760, 700, 18900, 463, -129, 57, 986.21, 12.84
1090095, 656, 59, -950, -21140, -910, 17220, 454, -114, 70, 986.22, 12.84
1090135, 444, 175, -799, -20860, 1330, 14420, 463, -114, 61, 986.24, 12.84
1090175, 201, -23, -1091, -15960, 280, 11830, 436, -97, 51, 986.24, 12.83
1090215, 296, -49, -946, -12460, -210, 5950, 441, -112, 54, 986.22, 12.84
1090255, 396, -98, -913, -5810, 420, -910, 424, -93, 58, 986.25, 12.84
1090295, 553, -223, -650, 490, 3010, -4340, 435, -112, 55, 986.25, 12.84
1090335, 412, -233, -840, 6790, -70, -10360, 432, -114, 48, 986.25, 12.84
1090375, 585, -52, -734, 11060, 70, -14000, 439, -124, 43, 986.26, 12.85
1090415, 596, 9, -817, 13160, -1750, -13230, 433, -126, 37, 986.22, 12.85
1090455, 635, -122, -764, 14490, -1330, -11410, 421, -138, 36, 986.20, 12.85
1090495, 453, -175, -870, 11480, -2310, -10220, 439, -144, 49, 986.24, 12.85
1090535, 201, -50, -997, 7210, -1890, -8540, 444, -153, 46, 986.25, 12.85
1090575, 269, 83, -983, 4620, -1540, -3360, 435, -151, 31, 986.19, 12.84
1090615, 448, 193, -859, 1400, -1190, 1680, 436, -151, 42, 986.26, 12.84
1090655, 530, 104, -778, -3710, 770, 9520, 429, -151, 43, 986.32, 12.84
1090695, 457, 162, -875, -9310, 840, 12950, 438, -147, 52, 986.28, 12.84
1090735, 487, 75, -824, -13020, 1050, 16590, 442, -141, 46, 986.24, 12.84
1090775, 557, -53, -827, -15680, -420, 16660, 447, -145, 49, 986.23, 12.83
1090815, 685, 68, -821, -17430, 630, 13790, 451, -138, 30, 986.27, 12.84
1090855, 515, 179, -785, -15540, 1050, 11060, 439, -133, 34, 986.24, 12.83
1090895, 355, 74, -917, -9100, 910, 8050, 442, -127, 43, 986.28, 12.83
1090935, 250, -97, -1039, -4970, -210, 5950, 451, -132, 48, 986.26, 12.83
1090975, 371, -131, -861, -2660, 910, 1050, 454, -132, 37, 986.27, 12.83
1091015, 466, -76, -915, 210, 2030, -3290, 433, -126, 31, 986.18, 12.84
1091055, 430, -314, -767, 3220, 2240, -3570, 433, -133, 34, 986.20, 12.84
1091095, 489, -156, -684, 6160, 140, -10150, 444, -139, 39, 986.22, 12.84
1091135, 590, -51, -882, 7000, -1400, -10780, 442, -139, 43, 986.24, 12.85
1091175, 675, -66, -702, 7840, -350, -11270, 451, -138, 34, 986.22, 12.85
1091215, 493, -128, -841, 7910, -2380, -10920, 438, -135, 30, 986.23, 12.85
1091255, 226, -127, -1032, 4830, -3430, -9450, 427, -138, 28, 986.24, 12.85
1091295, 239, 184, -954, 3710, -2870, -9730, 429, -132, 30, 986.24, 12.85
1091335, 486, 206, -917, 5180, -980, -2100, 429, -142, 45, 986.19, 12.85
1091375, 473, 84, -801, -350, 1330, 6370, 445, -139, 46, 986.23, 12.86
1091415, 441, 129, -868, -6440, 2170, 10850, 445, -124, 37, 986.23, 12.86
1091455, 594, 111, -790, -11970, 3430, 14910, 438, -133, 34, 986.20, 12.86
1091495, 566, -30, -829, -15680, 1820, 16450, 441, -124, 40, 986.22, 12.85
1091535, 586, 89, -744, -17150, 980, 12950, 439, -111, 51, 986.18, 12.86
1091575, 511, 43, -850, -15260, 490, 12320, 441, -120, 45, 986.23, 12.86
1091615, 353, 59, -990, -11480, -140, 6720, 447, -118, 31, 986.21, 12.85
1091655, 287, 22, -943, -7210, -1120, 2100, 445, -111, 36, 986.20, 12.85
1091695, 307, -59, -1040, 1610, 1960, -3570, 436, -114, 30, 986.20, 12.85
1091735, 491, -225, -737, 7630, 2030, -9030, 433, -112, 33, 986.21, 12.85
1091775, 568, -22, -822, 9870, 70, -11340, 436, -115, 52, 986.24, 12.86
1091815, 648, 48, -767, 11830, 630, -11480, 447, -118, 31, 986.21, 12.87
1091855, 675, -54, -715, 13090, 1120, -9730, 442, -118, 28, 986.20, 12.86
1091895, 465, -31, -1004, 11130, -910, -8960, 429, -126, 31, 986.14, 12.87
1091935, 176, -135, -988, 8050, 420, -5530, 429, -127, 45, 986.15, 12.86
1091975, 209, -8, -957, 2730, 1120, -2870, 435, -136, 46, 986.16, 12.86
1092015, 388, 215, -838, 1050, 140, -70, 447, -132, 36, 986.17, 12.85
1092055, 609, 158, -857, -2730, -700, 7070, 439, -133, 39, 986.14, 12.85
1092095, 457, 62, -838, -6230, 1120, 10990, 439, -126, 34, 986.15, 12.86
1092135, 467, 119, -840, -7560, 490, 12110, 445, -129, 28, 986.20, 12.85
1092175, 591, -54, -744, -8750, -630, 14560, 432, -123, 40, 986.19, 12.85
1092215, 733, -5, -799, -10570, 350, 11620, 450, -120, 48, 986.20, 12.85
1092255, 555, 123, -687, -10850, 2310, 8820, 456, -124, 40, 986.19, 12.85
1092295, 315, 122, -1049, -8050, -350, 7140, 439, -117, 34, 986.21, 12.84
1092335, 222, 34, -1064, -4830, 140, 6580, 429, -117, 39, 986.21, 12.85
1092375, 315, -71, -947, -3640, 140, 6090, 444, -115, 52, 986.24, 12.84
1092415, 491, -183, -745, -2170, 1820, 2450, 445, -118, 40, 986.22, 12.84
1092455, 411, -241, -882, 1680, 1680, -3640, 447, -118, 36, 986.20, 12.85
1092495, 429, -230, -810, 3430, 1470, -6020, 445, -132, 36, 986.18, 12.84
1092535, 560, -37, -792, 4130, -70, -10780, 441, -123, 27, 986.19, 12.85
1092575, 609, -45, -770, 6370, -350, -11270, 435, -123, 42, 986.19, 12.85
1092615, 603, -116, -807, 7140, 0, -10010, 439, -135, 36, 986.23, 12.85
1092655, 400, -123, -1035, 4970, -1190, -10290, 447, -129, 36, 986.17, 12.85
1092695, 241, -8, -899, 3150, 910, -9870, 438, -132, 27, 986.21, 12.85
1092735, 397, 48, -892, 3990, -1120, -5320, 439, -135, 34, 986.21, 12.86
1092775, 514, 67, -899, 1820, -700, -840, 426, -139, 39, 986.26, 12.86
1092815, 522, 71, -711, -980, 2520, 2380, 436, -133, 48, 986.20, 12.86
1092855, 451, 91, -897, -1960, 1260, 4830, 450, -139, 45, 986.22, 12.86
1092895, 503, 28, -777, -2240, 350, 6510, 444, -127, 36, 986.18, 12.87
1092935, 626, 28, -918, -630, -560, 7000, 453, -133, 33, 986.21, 12.88
1092975, 597, 102, -628, 1050, 2030, 6090, 444, -135, 30, 986.21, 12.88
1093015, 405, 126, -951, 5390, -770, 3990, 432, -138, 42, 986.19, 12.89
1093055, 236, 184, -1008, 9660, -910, 5250, 445, -153, 45, 986.18, 12.89
1093095, 330, 55, -1004, 8120, 140, 10640, 451, -141, 37, 986.17, 12.89
1093135, 352, 23, -867, 4970, 840, 11970, 441, -156, 33, 986.12, 12.88
1093175, 447, -220, -797, 1750, 910, 12810, 438, -144, 28, 986.15, 12.89
1093215, 520, -193, -826, -1890, 1610, 9940, 442, -148, 39, 986.17, 12.89
1093255, 581, -60, -792, -2310, 2100, 6510, 448, -157, 42, 986.15, 12.89
1093295, 577, -4, -692, -1330, 1610, 3430, 448, -148, 36, 986.16, 12.90
1093335, 579, -74, -844, -700, -210, 770, 439, -145, 37, 986.17, 12.89
1093375, 449, -169, -846, -8960, -1610, 1120, 444, -141, 28, 986.17, 12.89
1093415, 301, 28, -961, -15190, -1330, 1960, 438, -138, 33, 986.13, 12.88
1093455, 378, 150, -865, -17080, -1400, 4900, 447, -135, 43, 986.13, 12.88
1093495, 624, 255, -813, -22190, 1750, 10220, 456, -126, 45, 986.12, 12.88
1093535, 421, 108, -833, -22890, 2170, 14210, 442, -123, 43, 986.13, 12.87
1093575, 560, -4, -743, -20510, 2380, 11200, 448, -115, 37, 986.16, 12.87
1093615, 554, -53, -855, -18410, 0, 8050, 441, -109, 40, 986.18, 12.87
1093655, 525, -60, -790, -14910, 490, 3080, 447, -112, 52, 986.20, 12.88
1093695, 407, 20, -781, -7700, 770, -4480, 445, -105, 48, 986.09, 12.88
1093735, 271, 142, -1045, 1820, -2450, -7420, 448, -106, 42, 986.10, 12.88
1093775, 322, 35, -1039, 10360, -2590, -6580, 444, -108, 40, 986.16, 12.87
1093815, 375, -61, -844, 14210, -1050, -6650, 439, -109, 22, 986.15, 12.88
1093855, 430, -153, -844, 17500, -490, -7910, 448, -117, 30, 986.13, 12.88
1093895, 449, -191, -807, 19460, -210, -8820, 442, -121, 45, 986.10, 12.89
1093935, 597, -116, -758, 15960, 490, -7560, 460, -135, 46, 986.14, 12.88
1093975, 604, -70, -830, 12740, 140, -4270, 451, -135, 25, 986.19, 12.87
1094015, 754, 36, -564, 8260, 1120, -3290, 445, -130, 31, 986.14, 12.89
1094055, 529, 4, -952, 5740, -1610, -420, 429, -136, 36, 986.16, 12.88
1094095, 321, -139, -934, 910, 1260, 3500, 439, -124, 48, 986.19, 12.88
1094135, 103, -30, -1000, -4900, 210, 1750, 444, -141, 40, 986.16, 12.88
1094175, 304, 42, -1079, -4270, -1680, 2940, 450, -132, 40, 986.17, 12.87
1094215, 454, 57, -799, -4970, 210, 5880, 448, -132, 45, 986.11, 12.88
1094255, 532, 136, -876, -5180, 1820, 6930, 444, -129, 27, 986.18, 12.88
1094295, 509, 92, -740, -4550, 2310, 8820, 448, -132, 43, 986.14, 12.88
1094335, 553, 69, -812, -6650, 490, 10920, 447, -124, 45, 986.16, 12.88
1094375, 682, 64, -791, -9100, 1820, 11690, 462, -121, 48, 986.13, 12.87
1094415, 556, 33, -851, -9170, 2520, 12110, 445, -123, 37, 986.16, 12.87
1094455, 397, 115, -860, -8260, 2590, 10220, 444, -117, 43, 986.11, 12.87
1094495, 198, 167, -1110, -6440, -420, 10570, 441, -121, 52, 986.13, 12.87
1094535, 350, 23, -977, -6510, 1050, 12320, 442, -118, 46, 986.07, 12.87
1094575, 430, -44, -766, -6580, 2240, 9800, 454, -117, 52, 986.13, 12.87
1094615, 446, -109, -915, -5950, 1120, 7770, 454, -112, 40, 986.15, 12.88
1094655, 458, -79, -804, -5180, 1260, 4760, 453, -112, 42, 986.19, 12.88
1094695, 473, -220, -782, -980, 770, 1120, 447, -117, 36, 986.14, 12.89
1094735, 615, -152, -783, 1610, 560, -5110, 448, -117, 48, 986.16, 12.90
1094775, 661, -217, -773, 2310, 350, -7910, 445, -105, 48, 986.14, 12.90
1094815, 572, -158, -841, 420, 1540, -9590, 456, -109, 49, 986.10, 12.90
1094855, 304, -105, -1002, -1820, 770, -11060, 445, -112, 48, 986.17, 12.89
1094895, 180, 72, -894, -4130, -350, -10080, 438, -118, 42, 986.14, 12.90
1094935, 374, 64, -980, 140, -1540, -5460, 438, -108, 61, 986.16, 12.89
1094975, 511, 97, -823, -1400, 1260, -630, 448, -109, 58, 986.16, 12.89
1095015, 472, 83, -820, -3080, 1680, 3080, 450, -117, 52, 986.16, 12.89
1095055, 485, 59, -784, -5810, -1610, 6440, 439, -112, 48, 986.13, 12.89
1095095, 637, -12, -763, -6370, 420, 6370, 450, -118, 43, 986.12, 12.89
1095135, 590, 97, -774, -7350, 1330, 5320, 432, -99, 46, 986.13, 12.89
1095175, 390, 213, -888, -5460, 560, 4760, 436, -106, 55, 986.14, 12.89
1095215, 311, 221, -993, -3010, 0, 7280, 447, -96, 54, 986.14, 12.89
1095255, 309, 4, -962, -2660, 840, 9940, 453, -103, 51, 986.19, 12.89
1095295, 410, -106, -823, -3990, 1050, 8190, 454, -105, 45, 986.09, 12.89
1095335, 323, -69, -972, -4480, -490, 4270, 433, -97, 48, 986.10, 12.89
1095375, 474, -190, -756, -5740, 1120, 3850, 444, -106, 51, 986.09, 12.89
1095415, 590, -214, -771, -5180, 280, -1050, 453, -96, 52, 986.07, 12.89
1095455, 749, -148, -680, -6160, 70, -5740, 453, -105, 55, 986.08, 12.89
1095495, 754, -80, -719, -7140, -1050, -8820, 450, -99, 49, 986.14, 12.89
1095535, 565, -164, -857, -6720, -350, -9450, 453, -94, 40, 986.14, 12.90
1095575, 123, -264, -1029, -5530, -140, -13370, 444, -93, 37, 986.10, 12.90
1095615, 72, -25, -964, -3500, -1050, -18410, 441, -94, 46, 986.07, 12.90
1095655, 405, 100, -993, 2940, -2100, -17640, 450, -109, 57, 986.06, 12.91
1095695, 457, 45, -784, 7490, 840, -12600, 454, -106, 45, 986.04, 12.91
1095735, 487, 5, -835, 8470, 910, -10850, 442, -108, 43, 986.06, 12.91
1095775, 441, 139, -816, 9240, -1190, -8330, 438, -111, 51, 986.06, 12.91
1095815, 548, 66, -831, 8120, -980, -2100, 441, -114, 54, 986.04, 12.90
1095855, 622, 113, -804, 9590, 210, -1120, 459, -120, 55, 986.04, 12.90
1095895, 577, 64, -745, 10920, -280, 910, 448, -124, 43, 986.09, 12.90
1095935, 412, 243, -1039, 11550, -1470, 770, 459, -129, 43, 986.04, 12.91
1095975, 371, 233, -897, 11620, 1260, 7000, 450, -130, 43, 986.07, 12.91
1096015, 302, 84, -865, 8750, 1610, 12390, 442, -132, 37, 986.07, 12.91
1096055, 373, -21, -829, 6440, 840, 13370, 454, -135, 49, 986.07, 12.90
1096095, 491, -111, -990, 4550, 840, 13230, 466, -133, 48, 986.10, 12.91
1096135, 433, -150, -787, -210, 2660, 12390, 465, -130, 34, 986.11, 12.91
1096175, 543, -147, -729, -1960, 350, 8750, 456, -136, 30, 986.11, 12.91
1096215, 569, -76, -863, -3430, -1750, 4200, 457, -132, 28, 986.10, 12.92
1096255, 701, -133, -671, -4830, 280, 3570, 465, -135, 40, 986.07, 12.91
1096295, 509, -211, -850, -6720, -630, -70, 486, -144, 43, 986.08, 12.92
1096335, 239, -127, -904, -8960, -2590, -3850, 489, -138, 37, 986.06, 12.91
1096375, 134, 10, -840, -9800, -5810, -4060, 489, -144, 31, 986.09, 12.92
1096415, 409, 28, -1580, -7560, -4060, -3290, 487, -139, 16, 986.09, 12.92
1096455, 566, 171, -278, -5250, 10710, -2590, 493, -145, 16, 986.10, 12.92
1096495, 414, -17, -798, -4760, 3570, 2240, 492, -159, 15, 986.11, 12.92
1096535, 404, 106, -500, -6300, -2800, 2170, 505, -159, 9, 986.07, 12.92
1096575, 463, 142, -1160, -8330, -8050, 5810, 498, -166, -22, 986.02, 12.93
1096615, 1023, 26, -1141, -7980, 4200, 6300, 486, -169, -34, 985.99, 12.93
1096655, 273, 214, -529, -3220, 2940, 4480, 460, -159, -45, 986.02, 12.93
1096695, 311, 84, -1233, -280, -3290, 2870, 453, -166, -31, 986.10, 12.93
1096735, 303, 158, -673, 9940, 11410, 4550, 448, -156, -57, 986.02, 12.93
1096775, 652, -266, -1000, 13230, 4270, 3290, 438, -142, -58, 986.05, 12.93
1096815, 50, -136, -881, 14490, -5810, -3780, 441, -135, -57, 986.08, 12.92
1096855, 337, -200, -1048, 12460, -2240, -3220, 435, -123, -60, 986.10, 12.92
1096895, 576, -202, -696, 11550, -2590, -3430, 432, -115, -49, 986.11, 12.92
1096935, 673, -107, -734, 10150, -2100, -5600, 438, -123, -31, 986.11, 12.93
1096975, 678, -25, -774, 9940, -1610, -5670, 448, -108, -10, 986.15, 12.92
1097015, 527, -107, -815, 9660, -770, -4060, 444, -117, -18, 986.10, 12.92
1097055, 208, -60, -1025, 8190, -2380, -3990, 442, -108, -16, 986.10, 12.92
1097095, 316, 23, -899, 5880, -560, -420, 438, -109, -4, 986.07, 12.93
1097135, 464, 122, -898, 3360, 1820, 3220, 430, -112, 18, 986.05, 12.92
1097175, 437, 224, -852, -1680, 4340, 10990, 427, -106, 25, 986.08, 12.92
1097215, 376, 356, -961, -7910, 2730, 18340, 439, -109, 18, 986.05, 12.91
1097255, 552, 173, -926, -13020, 2240, 26810, 447, -112, 33, 986.03, 12.91
1097295, 596, 34, -784, -17780, 3920, 28910, 439, -96, 27, 986.07, 12.91
1097335, 605, 45, -747, -20370, 3710, 26390, 433, -96, 36, 986.02, 12.90
1097375, 520, 14, -891, -21700, 2380, 23590, 451, -97, 39, 986.04, 12.91
1097415, 424, 88, -874, -21000, 3010, 18620, 463, -96, 52, 986.13, 12.91
1097455, 386, -75, -963, -19530, 1960, 15400, 441, -102, 43, 986.09, 12.91
1097495, 359, -78, -910, -18480, 1120, 9450, 444, -87, 45, 986.05, 12.91
1097535, 282, -11, -972, -14070, 1120, 5180, 438, -96, 49, 986.08, 12.91
1097575, 468, -295, -727, -10920, 3430, 4620, 453, -96, 55, 986.11, 12.91
1097615, 312, -159, -853, -6580, -770, -5670, 456, -94, 54, 986.11, 12.91
1097655, 604, -83, -833, -2590, -980, -9800, 442, -84, 49, 986.08, 12.90
1097695, 702, -153, -729, -280, -1120, -11130, 448, -94, 54, 986.05, 12.90
1097735, 751, -160, -747, 560, 140, -12670, 444, -91, 37, 986.07, 12.89
1097775, 436, -98, -932, -2240, 350, -13300, 432, -94, 60, 986.04, 12.90
1097815, 200, -17, -867, -3990, 1120, -12250, 441, -97, 61, 986.03, 12.90
1097855, 244, 76, -1040, -3780, -630, -9940, 445, -97, 60, 985.98, 12.90
1097895, 410, 165, -725, -3640, 140, -5880, 445, -97, 46, 985.98, 12.90
1097935, 441, 81, -817, -6230, -1750, 1050, 439, -96, 52, 986.03, 12.91
1097975, 366, 200, -1034, -8400, -4200, 4550, 444, -100, 61, 986.03, 12.91
1098015, 654, 135, -692, -8820, -1750, 7210, 457, -91, 70, 986.03, 12.91
1098055, 685, 17, -878, -7280, -2030, 6650, 456, -96, 58, 986.09, 12.91
1098095, 658, 44, -722, -6440, 210, 4970, 465, -87, 69, 986.04, 12.92
1098135, 516, 124, -866, -5880, 2450, 3010, 462, -81, 54, 986.01, 12.92
1098175, 392, 114, -904, -1890, 5250, 2730, 450, -84, 43, 986.01, 12.91
1098215, 189, -66, -959, -140, 2870, 3570, 447, -90, 45, 986.06, 12.92
1098255, 387, -90, -1024, 630, 2100, 700, 438, -87, 51, 986.04, 12.92
1098295, 368, -206, -868, 2870, 4060, -3150, 454, -103, 52, 986.02, 12.93
1098335, 365, -285, -983, 4620, 3010, -7490, 433, -91, 45, 985.98, 12.94
1098375, 488, -214, -644, 8540, 2170, -13650, 436, -102, 40, 986.03, 12.94
1098415, 563, -82, -916, 13580, 2450, -16660, 441, -108, 52, 986.04, 12.93
1098455, 706, -175, -690, 13790, 350, -18410, 444, -118, 51, 986.01, 12.94
1098495, 391, -114, -902, 11270, -1890, -17500, 447, -123, 54, 986.03, 12.94
1098535, 166, 121, -1137, 8540, -2940, -14910, 444, -123, 57, 985.99, 12.94
1098575, 332, 132, -796, 9660, 280, -6860, 448, -121, 48, 985.98, 12.94
1098615, 399, -52, -950, 7490, -560, 0, 436, -123, 36, 985.99, 12.94
1098655, 410, 39, -744, 2310, 1680, 2030, 436, -123, 60, 986.02, 12.94
1098695, 506, 216, -905, -910, 350, 3080, 438, -121, 58, 986.02, 12.93
1098735, 658, 214, -815, -2520, 840, 10080, 450, -124, 46, 986.08, 12.93
1098775, 688, 147, -687, -4200, -140, 13230, 441, -121, 45, 986.00, 12.92
1098815, 653, 83, -817, -3780, 70, 14840, 444, -124, 40, 986.02, 12.93
1098855, 464, 147, -844, -4130, 910, 12810, 454, -130, 55, 986.04, 12.93
1098895, 241, 139, -970, -2870, 770, 12950, 444, -126, 52, 986.02, 12.93
1098935, 217, -38, -1023, -4340, -420, 14490, 453, -127, 51, 986.04, 12.94
1098975, 280, -67, -948, -4760, -140, 10570, 456, -123, 45, 986.05, 12.93
1099015, 343, -155, -882, -2940, 2100, 5950, 453, -121, 27, 986.03, 12.93
1099055, 511, -312, -788, -1610, 840, 4900, 445, -118, 39, 986.07, 12.94
1099095, 532, -161, -796, -140, 140, -3290, 433, -124, 51, 986.06, 12.93
1099135, 763, -142, -726, 1890, 1260, -7140, 442, -126, 51, 986.05, 12.93
1099175, 766, -168, -677, 2030, 140, -10220, 454, -123, 42, 986.03, 12.93
1099215, 638, -106, -752, 2310, -700, -13090, 439, -126, 37, 986.05, 12.93
1099255, 227, -90, -1046, 840, -1120, -11480, 438, -124, 49, 986.04, 12.93
1099295, 133, 71, -1059, 0, 70, -10010, 448, -129, 48, 986.06, 12.92
1099335, 324, 90, -947, 3500, -280, -5530, 439, -118, 55, 986.03, 12.92
1099375, 450, 115, -727, 2170, 1120, -1680, 445, -124, 54, 986.03, 12.91
1099415, 477, 202, -891, 560, 630, 3780, 445, -123, 49, 986.02, 12.91
1099455, 574, 155, -778, -1120, 420, 8680, 439, -124, 43, 986.01, 12.91
1099495, 650, 8, -837, -2100, 770, 10850, 427, -114, 49, 986.03, 12.91
1099535, 587, -31, -735, -4760, 980, 11410, 450, -118, 57, 986.01, 12.90
1099575, 469, 148, -931, -8400, 0, 10010, 451, -111, 52, 986.01, 12.90
1099615, 407, 290, -933, -9870, 2030, 11480, 450, -112, 45, 986.02, 12.89
1099655, 268, 46, -954, -8050, 700, 14560, 450, -100, 49, 985.96, 12.89
1099695, 352, -83, -922, -10360, 0, 13860, 444, -102, 54, 986.02, 12.90
1099735, 375, -77, -797, -10990, 1190, 8190, 447, -105, 55, 985.99, 12.91
1099775, 399, -233, -895, -7840, 350, 4340, 450, -94, 49, 986.01, 12.90
1099815, 486, -334, -743, -5460, -210, -2100, 447, -97, 55, 985.98, 12.90
1099855, 579, -85, -884, -2940, -2310, -10710, 454, -94, 51, 985.97, 12.90
1099895, 698, -145, -643, -490, -700, -10850, 442, -97, 46, 985.99, 12.90
1099935, 568, -172, -602, 1260, -1820, -14070, 445, -90, 63, 985.98, 12.90
1099975, 352, -135, -1096, 1820, -5740, -16100, 447, -105, 69, 985.99, 12.89
1100015, 257, -90, -1175, 1890, -3360, -16870, 454, -91, 66, 985.94, 12.90
1100055, 403, 163, -669, 1750, 2240, -15190, 447, -88, 54, 985.98, 12.90
1100095, 269, 81, -608, 5740, -5600, -4410, 439, -97, 54, 985.97, 12.90
1100135, 670, 213, -563, 2730, 15540, -3850, 436, -102, 69, 985.94, 12.90
1100175, 545, 303, -689, 980, 10500, -700, 442, -91, 63, 985.99, 12.90
1100215, 519, 70, -728, 4130, 840, 7210, 451, -97, 67, 985.99, 12.91
1100255, 500, 49, -552, 3220, 4200, 8610, 439, -114, 58, 985.99, 12.90
1100295, 799, 87, -1521, 5040, 7140, 6930, 439, -100, 51, 985.99, 12.90
1100335, 75, 117, -822, 9800, 3500, 7350, 429, -111, 55, 985.93, 12.90
1100375, 248, -55, -1046, 10780, -1330, 5950, 429, -111, 61, 985.90, 12.90
1100415, 395, -45, -730, 6370, -840, 5810, 435, -109, 64, 985.95, 12.91
1100455, 455, -21, -725, 3150, 4830, 5810, 439, -115, 55, 985.97, 12.90
1100495, 605, -111, -842, 2310, 4690, 9380, 435, -121, 45, 986.03, 12.91
1100535, 341, -30, -838, 3080, -4970, 6090, 426, -120, 51, 985.97, 12.90
1100575, 548, -139, -814, 980, -5950, 4130, 432, -127, 54, 985.96, 12.91
1100615, 792, -262, -739, -3150, -1470, 3500, 453, -121, 63, 985.99, 12.91
1100655, 705, -148, -727, -8540, -280, -490, 439, -117, 60, 985.98, 12.91
1100695, 370, -46, -933, -11970, 210, -2380, 439, -115, 54, 985.93, 12.91
1100735, 65, -18, -1010, -12390, -420, -2240, 445, -114, 52, 985.94, 12.92
1100775, 368, -71, -558, -10920, -210, -2030, 429, -109, 63, 985.93, 12.92
1100815, 338, -76, -1236, -13580, -3710, -1120, 442, -103, 76, 985.96, 12.92
1100855, 445, 269, -512, -14350, 280, -1890, 459, -100, 78, 985.96, 12.92
1100895, 432, 400, -1193, -15470, -5250, 4200, 448, -96, 66, 985.98, 12.92
1100935, 612, 66, -928, -17500, -490, 11410, 438, -88, 61, 985.94, 12.92
1100975, 629, -6, -607, -16030, 2940, 9520, 429, -85, 63, 985.96, 12.93
1101015, 786, 170, -599, -15190, 3710, 3360, 442, -84, 72, 985.88, 12.92
1101055, 209, 107, -851, -8610, -2100, 2870, 442, -79, 69, 985.94, 12.92
1101095, 527, -73, -1031, -630, 1190, -140, 441, -81, 60, 985.87, 12.92
1101135, 295, -181, -1073, 3710, 980, -4060, 442, -88, 60, 985.96, 12.91
1101175, 302, -189, -1029, 2870, -1750, -6860, 442, -85, 45, 985.93, 12.92
1101215, 381, -4, -902, 3990, 2730, -12040, 429, -91, 46, 986.01, 12.92
1101255, 381, -84, -585, 7980, 5880, -10640, 436, -103, 58, 986.01, 12.91
1101295, 672, -228, -735, 13650, 3850, -12320, 448, -108, 64, 986.01, 12.92
1101335, 702, -70, -705, 17150, -1400, -17920, 435, -111, 43, 985.98, 12.92
1101375, 662, -166, -918, 17500, -4410, -16660, 438, -109, 45, 985.97, 12.92
1101415, 521, -221, -1186, 16030, -560, -16310, 423, -115, 52, 985.98, 12.92
1101455, 317, -186, -615, 10850, 4060, -15050, 436, -124, 55, 985.92, 12.93
1101495, 218, 158, -1028, 7420, -1750, -13510, 436, -123, 58, 985.93, 12.93
1101535, 306, 149, -482, 6930, 700, -4550, 439, -126, 63, 985.93, 12.93
1101575, 543, 26, -1190, 2660, -350, 350, 441, -132, 42, 985.94, 12.93
1101615, 395, 158, -943, 280, 910, 3430, 423, -129, 46, 985.89, 12.93
1101655, 350, 267, -979, -3150, -2800, 8050, 438, -121, 51, 985.96, 12.93
1101695, 731, 134, -836, -5950, 2100, 14980, 442, -118, 60, 985.96, 12.93
1101735, 696, 128, -514, -7840, 4620, 14350, 450, -114, 61, 985.97, 12.92
1101775, 835, 137, -916, -6160, 6650, 12460, 430, -111, 46, 985.92, 12.93
1101815, 232, -136, -1289, -2660, 700, 11690, 427, -109, 48, 985.93, 12.93
1101855, 349, -66, -491, -4270, 2030, 6510, 429, -111, 57, 985.96, 12.93
1101895, 347, -62, -1336, -2450, -3010, 1540, 435, -117, 60, 985.96, 12.93
1101935, 258, -143, -585, -1190, 1820, 700, 441, -117, 58, 985.92, 12.92
1101975, 452, -187, -972, -70, -4620, -2240, 445, -117, 52, 985.96, 12.92
1102015, 599, -180, -594, 1330, -2800, -5670, 451, -114, 39, 986.00, 12.93
1102055, 544, -115, -871, 1050, -5670, -9030, 444, -114, 37, 985.93, 12.93
1102095, 946, -86, -635, 2520, 1610, -11620, 435, -114, 49, 985.93, 12.93
1102135, 397, -179, -930, 3430, -3220, -12320, 438, -124, 57, 985.96, 12.93
1102175, 299, -131, -1004, 1680, -560, -13510, 451, -115, 52, 985.94, 12.93
1102215, 251, 30, -887, 1470, 280, -13090, 436, -124, 51, 985.93, 12.93
1102255, 358, 37, -934, 1680, 490, -8400, 430, -127, 45, 985.96, 12.93
1102295, 410, 10, -845, -1960, 2030, -3710, 430, -118, 57, 985.95, 12.92
1102335, 451, 300, -786, -5600, 910, -1330, 435, -112, 58, 985.89, 12.92
1102375, 519, 328, -886, -7770, -910, 6300, 445, -112, 61, 985.91, 12.92
1102415, 693, 80, -744, -7140, -490, 11900, 447, -121, 46, 985.93, 12.92
1102455, 654, 44, -779, -5250, -630, 10010, 451, -111, 51, 985.90, 12.92
1102495, 470, 135, -789, -2030, 770, 5110, 438, -111, 43, 985.84, 12.92
1102535, 286, 169, -814, 3780, -1120, 3500, 433, -127, 49, 985.88, 12.92
1102575, 274, -74, -1377, 8820, -3360, 3150, 438, -123, 60, 985.91, 12.93
1102615, 510, -45, -691, 10360, 2800, 1680, 451, -117, 52, 985.88, 12.92
1102655, 408, -54, -843, 12320, 2310, 420, 442, -120, 42, 985.86, 12.92
1102695, 341, -185, -848, 11620, 630, 1540, 436, -129, 49, 985.91, 12.92
1102735, 482, -215, -735, 12600, 1330, -2240, 427, -133, 49, 985.87, 12.92
1102775, 681, -125, -843, 13510, 980, -6090, 436, -136, 54, 985.83, 12.91
1102815, 503, -205, -788, 13510, -1540, -7630, 441, -145, 51, 985.87, 12.92
1102855, 587, -136, -809, 12180, -1330, -9870, 438, -145, 45, 985.83, 12.92
1102895, 392, -176, -1025, 9660, -490, -7000, 436, -147, 42, 985.83, 12.91
1102935, 261, 36, -807, 5880, 1540, -6300, 423, -151, 37, 985.87, 12.91
1102975, 390, 94, -899, 4830, 0, -980, 430, -157, 46, 985.89, 12.91
1103015, 427, 97, -1133, 1400, -490, 3850, 442, -151, 55, 985.89, 12.91
1103055, 401, 280, -655, -3010, 4130, 7700, 435, -157, 46, 985.86, 12.91
1103095, 428, 258, -957, -9800, 770, 17430, 430, -141, 45, 985.87, 12.92
1103135, 678, 32, -798, -14000, 1050, 25480, 435, -139, 43, 985.93, 12.92
1103175, 699, 8, -702, -19110, 2590, 23590, 444, -132, 49, 985.94, 12.92
1103215, 758, 101, -767, -22190, 3010, 19390, 441, -136, 54, 985.94, 12.92
1103255, 292, 115, -942, -18130, 210, 16380, 441, -121, 48, 985.86, 12.92
1103295, 359, 51, -886, -11270, 1330, 11480, 445, -123, 52, 985.95, 12.91
1103335, 351, -75, -1025, -7000, 140, 7840, 448, -130, 40, 985.91, 12.91
1103375, 286, -226, -881, -3220, 70, 3570, 433, -129, 45, 985.93, 12.91
1103415, 353, -199, -794, 1190, 1680, -3150, 445, -123, 52, 985.85, 12.91
1103455, 391, -186, -936, 3780, -420, -9170, 439, -129, 55, 985.84, 12.91
1103495, 695, -2, -741, 5040, 910, -7280, 441, -129, 54, 985.83, 12.92
1103535, 741, -135, -590, 5600, 980, -5320, 450, -126, 40, 985.82, 12.92
1103575, 590, -131, -831, 2170, -1260, -6860, 442, -126, 42, 985.85, 12.92
1103615, 464, -123, -970, -3080, -1050, -6160, 441, -126, 64, 985.82, 12.93
1103655, 177, -44, -865, -7210, -280, -4410, 439, -130, 60, 985.85, 12.93
1103695, 299, 117, -1077, -8610, -2100, -2800, 439, -135, 51, 985.88, 12.93
1103735, 355, 173, -817, -8050, -560, 1680, 442, -126, 58, 985.89, 12.92
1103775, 391, 0, -921, -6580, 980, 4410, 438, -115, 43, 985.87, 12.93
1103815, 414, 85, -763, -7840, 1470, 3710, 429, -118, 52, 985.86, 12.93
1103855, 536, 72, -871, -6230, -350, 4550, 441, -115, 64, 985.87, 12.93
1103895, 639, 78, -751, -5320, 140, 4130, 441, -114, 66, 985.87, 12.94
1103935, 600, 124, -838, -4690, 420, 4340, 444, -112, 46, 985.89, 12.94
1103975, 439, 110, -821, -1540, -350, 4480, 433, -106, 51, 985.91, 12.94
1104015, 289, 104, -989, 770, -1680, 5180, 436, -118, 55, 985.87, 12.94
1104055, 328, -83, -942, 1960, -1260, 5600, 436, -112, 55, 985.88, 12.95
1104095, 343, -201, -902, 280, -840, 5040, 439, -120, 60, 985.88, 12.95
1104135, 391, -116, -836, -910, -420, -70, 447, -117, 54, 985.85, 12.94
1104175, 407, -73, -902, -490, -630, -2520, 445, -115, 61, 985.85, 12.94
1104215, 539, -41, -700, 1540, 1120, -2730, 448, -124, 45, 985.83, 12.94
1104255, 550, -10, -872, 4270, -140, -4410, 436, -121, 40, 985.85, 12.94
1104295, 623, -88, -735, 6020, 700, -4200, 441, -126, 55, 985.85, 12.94
1104335, 512, -10, -899, 5460, -490, -5880, 445, -127, 54, 985.88, 12.94
1104375, 444, -81, -918, 4900, -840, -4340, 457, -130, 46, 985.85, 12.95
1104415, 315, -118, -940, 3710, -1890, -6090, 441, -126, 36, 985.86, 12.95
1104455, 300, 48, -913, 3920, -770, -6580, 444, -141, 42, 985.85, 12.96
1104495, 397, 157, -763, 4410, 210, -2590, 433, -144, 54, 985.92, 12.96
1104535, 519, 37, -955, 3920, -490, 2590, 447, -130, 61, 985.90, 12.96
1104575, 410, -116, -725, -210, 910, 5320, 442, -133, 49, 985.91, 12.96
1104615, 495, 45, -871, -6930, -490, 5390, 439, -133, 48, 985.90, 12.96
1104655, 541, 35, -908, -10500, 70, 10220, 457, -130, 54, 985.86, 12.96
1104695, 488, 23, -785, -10920, 910, 9940, 453, -127, 49, 985.86, 12.96
1104735, 483, 0, -922, -8890, 350, 7560, 442, -121, 52, 985.85, 12.96
1104775, 418, -35, -768, -6300, 770, 4410, 444, -126, 58, 985.85, 12.96
1104815, 382, 10, -1047, -1960, -1260, 1260, 450, -121, 45, 985.88, 12.96
1104855, 419, -139, -831, 770, 1190, 280, 445, -133, 27, 985.85, 12.96
1104895, 371, -158, -841, 3360, -560, -3780, 433, -124, 40, 985.85, 12.96
1104935, 515, 46, -855, 7280, 630, -8330, 429, -133, 43, 985.86, 12.96
1104975, 457, 36, -832, 12880, 490, -7070, 442, -139, 57, 985.80, 12.96
1105015, 541, -44, -788, 17150, 840, -5600, 456, -136, 55, 985.78, 12.96
1105055, 518, -47, -853, 14980, -140, -4410, 447, -136, 48, 985.80, 12.97
1105095, 535, 27, -872, 9870, -140, -1260, 453, -138, 42, 985.77, 12.96
1105135, 562, -54, -780, -350, 560, 5880, 447, -148, 28, 985.82, 12.97
1105175, 373, -8, -904, -5530, 1120, 6090, 433, -138, 37, 985.80, 12.96
1105215, 244, 35, -1012, -6650, 350, 6510, 450, -138, 45, 985.85, 12.97
1105255, 322, -51, -981, -7000, 1330, 7700, 454, -144, 57, 985.81, 12.96
1105295, 279, -9, -890, -10640, 2590, 6510, 448, -142, 40, 985.81, 12.97
1105335, 441, 97, -835, -13510, 1120, 10360, 447, -133, 51, 985.86, 12.97
1105375, 676, 255, -763, -18550, 1400, 15120, 436, -124, 58, 985.86, 12.96
1105415, 704, 125, -698, -21070, 1260, 17710, 435, -124, 58, 985.86, 12.97
1105455, 694, 126, -818, -19040, 140, 14980, 456, -117, 57, 985.85, 12.97
1105495, 545, -11, -791, -14210, 1050, 11760, 460, -108, 52, 985.83, 12.98
1105535, 260, -22, -1001, -9170, -70, 6090, 445, -106, 55, 985.83, 12.98
1105575, 279, -148, -987, -5740, 490, 1890, 459, -112, 52, 985.78, 12.98
1105615, 355, -194, -933, -4340, 1120, -1260, 435, -106, 45, 985.81, 12.98
1105655, 428, 10, -806, -2310, 3150, -4970, 441, -103, 57, 985.82, 12.97
1105695, 337, -75, -949, 3080, 1820, -5530, 441, -111, 63, 985.82, 12.98
1105735, 407, -125, -838, 10150, 1190, -8960, 453, -117, 55, 985.81, 12.98
1105775, 576, -116, -730, 17220, 210, -14840, 441, -126, 48, 985.84, 12.98
1105815, 724, -238, -726, 19180, -1190, -13930, 442, -118, 39, 985.85, 12.98
1105855, 796, -166, -720, 15890, -1400, -14560, 438, -133, 57, 985.80, 12.97
1105895, 560, -50, -822, 11900, -1190, -13090, 430, -136, 61, 985.83, 12.97
1105935, 350, -163, -890, 5460, -980, -5740, 444, -138, 60, 985.84, 12.97
1105975, 164, 33, -1044, -1470, -2660, -4900, 439, -136, 42, 985.84, 12.98
1106015, 330, 132, -921, -2100, -1120, -1400, 444, -135, 49, 985.81, 12.97
1106055, 411, 73, -835, -1260, 910, 3850, 441, -132, 39, 985.81, 12.98
1106095, 382, 65, -893, -1400, 1610, 5530, 433, -127, 46, 985.85, 12.97
1106135, 405, 277, -847, -3220, 560, 7350, 438, -133, 66, 985.85, 12.97
1106175, 613, 182, -910, -4060, 0, 13300, 447, -127, 61, 985.86, 12.97
1106215, 744, 109, -716, -3850, 2100, 14560, 456, -132, 49, 985.79, 12.96
1106255, 689, 84, -738, -3850, 1120, 14560, 444, -126, 46, 985.80, 12.97
1106295, 474, 78, -854, -3990, 1260, 14560, 433, -121, 46, 985.75, 12.97
1106335, 363, 148, -954, -4620, 1960, 13790, 432, -127, 51, 985.79, 12.96
1106375, 246, 4, -955, -3920, 1750, 15960, 447, -127, 58, 985.81, 12.96
1106415, 281, -164, -874, -6650, 770, 15330, 451, -127, 46, 985.81, 12.96
1106455, 288, -104, -982, -8960, -280, 10290, 447, -123, 57, 985.78, 12.96
1106495, 378, -54, -957, -11550, 490, 8330, 454, -111, 42, 985.76, 12.96
1106535, 527, -144, -735, -10850, 1960, 6650, 442, -112, 42, 985.81, 12.97
1106575, 573, -149, -792, -8750, 700, 1820, 439, -111, 51, 985.75, 12.97
1106615, 665, -80, -761, -7210, 700, -2730, 441, -108, 61, 985.82, 12.97
1106655, 647, -111, -731, -6860, 910, -5320, 444, -106, 64, 985.81, 12.97
1106695, 496, -151, -838, -6300, 980, -7910, 445, -109, 37, 985.78, 12.97
1106735, 269, -186, -962, -7910, -1540, -8260, 442, -97, 52, 985.75, 12.97
1106775, 235, -24, -1000, -11550, -1330, -8960, 441, -99, 54, 985.70, 12.97
1106815, 307, 40, -903, -10500, 700, -4900, 444, -93, 60, 985.73, 12.97
1106855, 561, 132, -758, -11060, -280, -2310, 453, -97, 66, 985.81, 12.97
1106895, 455, 29, -966, -8120, -420, -1470, 447, -91, 49, 985.81, 12.97
1106935, 535, 19, -752, -6580, 1750, -3360, 462, -93, 51, 985.81, 12.97
1106975, 542, 16, -828, -3990, 420, -3850, 450, -88, 42, 985.82, 12.98
1107015, 552, 53, -768, -2660, 560, -3780, 435, -94, 49, 985.78, 12.98
1107055, 486, 201, -927, 1890, -1120, -4410, 441, -88, 55, 985.76, 12.98
1107095, 447, 207, -927, 4970, 700, -2520, 450, -94, 58, 985.78, 12.98
1107135, 288, 11, -948, 10570, 490, -630, 456, -94, 48, 985.78, 12.98
1107175, 336, -159, -856, 11130, 210, -350, 450, -99, 43, 985.72, 12.99
1107215, 430, -121, -890, 10920, 70, -4200, 442, -103, 42, 985.76, 12.98
1107255, 410, -66, -810, 11830, 910, -5810, 442, -111, 54, 985.71, 12.99
1107295, 448, -220, -808, 9590, -140, -4830, 441, -112, 58, 985.77, 12.98
1107335, 514, -5, -876, 6860, -1400, -7210, 451, -111, 45, 985.77, 12.99
1107375, 595, 7, -770, 6230, -280, -4760, 447, -109, 46, 985.74, 12.99
1107415, 683, -155, -758, 6650, 280, -3570, 453, -114, 40, 985.77, 12.99
1107455, 528, -181, -808, 5880, -350, -5740, 438, -118, 31, 985.74, 12.99
1107495, 504, -222, -873, 2940, 490, -8050, 436, -120, 37, 985.76, 12.99
1107535, 228, 61, -1006, 70, -630, -10500, 444, -126, 52, 985.77, 13.00
1107575, 327, 138, -912, 700, 630, -5810, 450, -126, 52, 985.74, 13.00
1107615, 349, 100, -884, 2660, 490, -3150, 451, -121, 45, 985.77, 13.00
1107655, 396, 19, -914, 2240, 1190, 1190, 432, -124, 42, 985.72, 13.00
1107695, 403, 222, -820, -1680, 2030, 2870, 436, -121, 52, 985.78, 13.00
1107735, 486, 228, -848, -7210, 350, 10220, 435, -118, 58, 985.80, 13.00
1107775, 583, 39, -813, -11970, -140, 16520, 450, -114, 54, 985.76, 13.00
1107815, 650, 3, -731, -12880, -980, 14280, 453, -120, 46, 985.78, 13.01
1107855, 574, 12, -798, -11480, -1680, 10290, 454, -112, 54, 985.80, 13.01
1107895, 497, 105, -906, -7770, -980, 5250, 460, -115, 30, 985.76, 13.01
1107935, 338, 73, -967, -2240, 350, 3290, 442, -100, 31, 985.81, 13.02
1107975, 325, -137, -869, 1960, 1540, 2800, 438, -109, 49, 985.76, 13.02
1108015, 336, -109, -945, 3640, 140, -1260, 438, -103, 52, 985.78, 13.02
1108055, 453, -1, -776, 5670, 1610, -4060, 460, -115, 43, 985.80, 13.02
1108095, 340, -117, -932, 6160, 140, -4760, 462, -121, 42, 985.79, 13.02
1108135, 479, -133, -808, 7140, 210, -3500, 447, -111, 36, 985.74, 13.03
1108175, 677, -64, -754, 7770, -210, -7350, 438, -121, 48, 985.74, 13.02
1108215, 661, -76, -792, 8190, -1400, -7840, 447, -126, 46, 985.72, 13.03
1108255, 655, -182, -730, 5880, 140, -5600, 448, -123, 48, 985.71, 13.03
1108295, 487, -162, -864, 2030, -1400, -7700, 441, -118, 40, 985.65, 13.02
1108335, 282, 2, -974, -3010, -1260, -7280, 459, -123, 49, 985.69, 13.02
1108375, 230, 104, -902, -4900, -980, -3990, 454, -117, 36, 985.71, 13.02
1108415, 386, 148, -902, -1330, 0, -1820, 435, -115, 46, 985.68, 13.01
1108455, 436, 80, -921, 1260, 1680, 1050, 447, -129, 43, 985.74, 13.01
1108495, 360, 125, -897, -5390, 840, 7630, 447, -123, 51, 985.76, 13.02
1108535, 508, 138, -884, -8890, -1750, 11900, 457, -121, 43, 985.80, 13.02
1108575, 622, 25, -747, -10850, -210, 10780, 447, -114, 40, 985.72, 13.01
1108615, 588, 128, -745, -11130, 0, 8260, 445, -120, 40, 985.74, 13.02
1108655, 452, 129, -975, -8050, -1260, 7420, 447, -109, 45, 985.77, 13.01
1108695, 366, 87, -882, -2590, -350, 6860, 453, -114, 48, 985.77, 13.01
1108735, 355, -83, -983, 2380, -70, 4690, 459, -112, 40, 985.78, 13.02
1108775, 332, -133, -788, 2660, 1260, 770, 457, -115, 43, 985.79, 13.02
1108815, 397, -156, -894, 4340, 350, -2940, 450, -127, 40, 985.77, 13.03
1108855, 463, -100, -1006, 7210, 1400, -5740, 439, -108, 25, 985.77, 13.02
1108895, 558, -131, -715, 8260, 3850, -5320, 432, -124, 30, 985.79, 13.02
1108935, 558, -72, -783, 8470, 910, -7490, 450, -121, 39, 985.72, 13.02
1108975, 654, -38, -795, 7980, 140, -8050, 453, -127, 40, 985.76, 13.03
1109015, 539, -98, -761, 9730, -350, -7700, 451, -124, 21, 985.70, 13.02
1109055, 505, -269, -863, 7700, 840, -6510, 442, -130, 36, 985.74, 13.02
1109095, 285, -153, -1017, 4270, -350, -9450, 442, -130, 37, 985.75, 13.02
1109135, 190, -9, -984, 2100, -2660, -8820, 445, -129, 48, 985.71, 13.02
1109175, 447, 118, -861, 3360, -490, -6020, 445, -147, 52, 985.78, 13.03
1109215, 401, 128, -862, 4200, 1050, -1190, 448, -145, 48, 985.71, 13.03
1109255, 421, 61, -838, 2660, 2240, 2800, 445, -138, 48, 985.70, 13.03
1109295, 504, 96, -993, 140, 2660, 6790, 448, -141, 37, 985.65, 13.04
1109335, 605, 180, -561, -4410, 4060, 10010, 448, -139, 42, 985.70, 13.04
1109375, 617, 199, -658, -7140, -1050, 14070, 444, -138, 51, 985.75, 13.04
1109415, 525, 153, -1116, -7560, -4270, 16170, 450, -144, 55, 985.72, 13.04
1109455, 394, 156, -756, -6020, 140, 15890, 454, -129, 42, 985.77, 13.04
1109495, 369, 49, -1203, -3710, -560, 15400, 451, -139, 40, 985.73, 13.04
1109535, 280, -125, -873, -2660, 1610, 13860, 445, -132, 42, 985.77, 13.05
1109575, 337, -162, -740, -6580, 980, 10220, 447, -132, 51, 985.74, 13.04
1109615, 486, -40, -752, -7350, 2240, 6300, 450, -124, 55, 985.71, 13.04
1109655, 419, -106, -1089, -6650, 980, 5600, 456, -130, 61, 985.74, 13.04
1109695, 548, -107, -638, -4900, 5040, 2800, 457, -138, 46, 985.70, 13.04
1109735, 475, -118, -817, -4410, -490, 210, 462, -132, 55, 985.68, 13.05
1109775, 504, -76, -1212, -3430, -3290, -2800, 445, -124, 30, 985.72, 13.05
1109815, 606, -110, -456, -630, 3010, -4900, 436, -126, 33, 985.76, 13.05
1109855, 538, -148, -765, -210, 910, -7070, 450, -135, 42, 985.70, 13.05
1109895, 278, -98, -1097, 350, -3990, -9240, 451, -141, 51, 985.68, 13.05
1109935, 252, -45, -1044, -1260, -2100, -9800, 450, -132, 39, 985.70, 13.05
1109975, 475, 150, -772, -770, 3640, -8050, 433, -133, 39, 985.72, 13.05
1110015, 365, 264, -960, 70, 1330, -1050, 441, -135, 42, 985.74, 13.05
1110055, 327, 143, -879, -2660, 490, 6370, 438, -138, 48, 985.70, 13.05
1110095, 603, 82, -781, -3640, 4690, 9170, 447, -126, 54, 985.77, 13.05
1110135, 587, -8, -695, -7560, 3220, 10010, 453, -132, 55, 985.74, 13.05
1110175, 529, -18, -897, -11620, -1260, 8610, 454, -124, 43, 985.72, 13.07
1110215, 533, 53, -1031, -10500, -1470, 7770, 447, -115, 46, 985.69, 13.05
1110255, 353, 137, -555, -7910, -840, 6790, 454, -115, 39, 985.69, 13.06
1110295, 305, -10, -1177, -3780, -5670, 5670, 447, -121, 42, 985.70, 13.06
1110335, 396, -114, -800, -1680, -910, 4060, 454, -120, 52, 985.69, 13.05
1110375, 254, -132, -1092, -1960, -1610, -70, 457, -123, 49, 985.71, 13.06
1110415, 544, -188, -706, 3220, 1400, -4270, 463, -123, 42, 985.72, 13.06
1110455, 344, -105, -1056, 6090, 70, -8890, 451, -121, 36, 985.69, 13.06
1110495, 531, -7, -680, 10570, 3360, -10640, 441, -130, 43, 985.70, 13.06
1110535, 634, 18, -808, 13230, 4550, -9870, 447, -127, 40, 985.68, 13.06
1110575, 467, -61, -860, 14560, 1610, -8190, 448, -135, 49, 985.75, 13.06
1110615, 737, -99, -685, 13300, 4060, -7140, 450, -139, 46, 985.70, 13.06
1110655, 485, -134, -954, 8820, -700, -4620, 450, -144, 40, 985.73, 13.06
1110695, 431, -99, -919, 2310, 1610, -2730, 451, -147, 36, 985.70, 13.06
1110735, 250, 144, -948, -3640, 980, -980, 433, -145, 34, 985.65, 13.06
1110775, 409, 77, -1027, -3780, 3150, 4340, 432, -144, 43, 985.64, 13.06
1110815, 393, 83, -674, -5040, 4200, 7140, 442, -141, 48, 985.64, 13.07
1110855, 375, 87, -871, -7210, -350, 8820, 456, -135, 46, 985.67, 13.07
1110895, 477, 22, -1071, -9520, 0, 10640, 457, -135, 39, 985.67, 13.07
1110935, 521, -12, -489, -11480, 3010, 11550, 442, -127, 42, 985.69, 13.06
1110975, 587, 77, -1094, -13580, -2100, 9100, 436, -127, 48, 985.68, 13.06
1111015, 601, 55, -544, -11550, -1050, 8610, 439, -130, 57, 985.71, 13.07
1111055, 363, 8, -1201, -8190, -4970, 6650, 444, -123, 46, 985.63, 13.07
1111095, 584, 171, -563, -3920, 3150, 2730, 457, -123, 49, 985.69, 13.08
1111135, 275, -15, -1027, -210, -1610, 4060, 448, -118, 46, 985.60, 13.08
1111175, 287, -82, -981, 70, -700, 3920, 463, -130, 49, 985.63, 13.08
1111215, 415, 0, -759, 910, 3570, 980, 453, -121, 42, 985.69, 13.08
1111255, 317, -66, -1074, -560, 210, 2450, 436, -130, 54, 985.71, 13.08
1111295, 428, -204, -586, -1470, 2800, 1820, 447, -121, 52, 985.70, 13.09
1111335, 446, -95, -1058, -1050, -4200, -2940, 453, -130, 58, 985.70, 13.08
1111375, 663, 7, -794, -560, 420, -5110, 444, -120, 45, 985.72, 13.08
1111415, 718, -121, -648, -140, 1190, -3640, 430, -123, 48, 985.66, 13.08
1111455, 550, -141, -813, -700, -700, -5670, 421, -120, 43, 985.64, 13.09
1111495, 409, -132, -917, -2380, -1120, -7420, 427, -114, 51, 985.62, 13.09
1111535, 220, -196, -957, -3850, -700, -8680, 429, -123, 60, 985.68, 13.09
1111575, 465, 73, -884, -4410, 2800, -11620, 435, -120, 46, 985.65, 13.09
1111615, 378, 235, -841, -1890, 1400, -7350, 432, -121, 31, 985.65, 13.09
1111655, 392, 73, -928, -350, 280, -1820, 435, -118, 43, 985.64, 13.09
1111695, 439, 76, -899, -280, 2030, -770, 436, -106, 27, 985.64, 13.10
1111735, 439, 84, -858, -1680, 1750, 2450, 427, -114, 30, 985.65, 13.09
1111775, 595, 28, -596, -4270, 980, 5040, 433, -108, 45, 985.65, 13.09
1111815, 573, 59, -924, -6440, -3150, 6090, 445, -108, 55, 985.69, 13.09
1111855, 532, 113, -770, -6510, -1960, 3920, 450, -120, 39, 985.63, 13.09
1111895, 479, 196, -835, 980, -1260, 5180, 441, -112, 40, 985.67, 13.10
1111935, 255, 36, -1086, 3570, -3640, 5390, 436, -102, 39, 985.64, 13.09
1111975, 380, -81, -1012, 2310, -630, 6650, 435, -111, 46, 985.68, 13.10
1112015, 368, -111, -732, 1190, 4620, 4410, 436, -111, 42, 985.66, 13.10
1112055, 360, -139, -826, -420, 2800, 1400, 445, -109, 48, 985.69, 13.10
1112095, 377, -222, -817, -280, 770, -1120, 448, -109, 42, 985.70, 13.10
1112135, 533, -41, -895, 700, 0, -5600, 448, -121, 39, 985.66, 13.10
1112175, 709, -48, -727, 1330, 1890, -5320, 445, -111, 34, 985.65, 13.10
1112215, 638, -132, -868, 2800, -140, -6580, 420, -114, 31, 985.65, 13.10
1112255, 500, -253, -783, 4130, -1120, -9380, 426, -118, 37, 985.69, 13.10
1112295, 422, -193, -933, 2520, -2170, -14000, 442, -115, 45, 985.64, 13.10
1112335, 310, -114, -918, 210, -1470, -13720, 442, -123, 36, 985.69, 13.10
1112375, 274, -15, -743, -490, -140, -12250, 432, -111, 34, 985.67, 13.11
1112415, 437, 87, -1010, 1890, -420, -11900, 427, -114, 36, 985.66, 13.11
1112455, 441, 164, -901, 2450, 1120, -8400, 436, -111, 40, 985.65, 13.11
1112495, 363, 151, -868, 1610, 700, -3640, 439, -111, 46, 985.65, 13.11
1112535, 381, 190, -953, 2310, 70, 560, 439, -118, 48, 985.68, 13.11
1112575, 516, 95, -797, 770, 770, 5040, 450, -118, 49, 985.73, 13.11
1112615, 619, 41, -725, -980, 1330, 7280, 442, -121, 37, 985.71, 13.12
1112655, 662, 70, -722, -1260, 1330, 7420, 450, -117, 33, 985.71, 13.11
1112695, 503, 78, -896, -560, -770, 6300, 441, -112, 30, 985.70, 13.11
1112735, 449, 206, -870, 1400, 140, 5250, 435, -118, 42, 985.71, 13.10
1112775, 369, 149, -979, 4340, -140, 8960, 438, -121, 46, 985.64, 13.11
1112815, 295, -68, -971, 3290, -210, 11410, 454, -126, 37, 985.64, 13.12
1112855, 278, -145, -925, -910, 1050, 9870, 445, -117, 33, 985.69, 13.12
1112895, 386, -95, -851, -4410, 1960, 5880, 433, -121, 34, 985.70, 13.12
1112935, 470, -88, -835, -3220, 2450, 3290, 438, -115, 27, 985.67, 13.12
1112975, 503, -5, -780, -3570, 1330, 2520, 441, -115, 46, 985.70, 13.11
1113015, 536, -5, -785, -3010, 350, 2660, 441, -121, 42, 985.66, 13.11
1113055, 529, -108, -899, -980, -560, 210, 450, -124, 40, 985.63, 13.11
1113095, 608, -121, -738, 1190, -210, -3780, 448, -114, 39, 985.63, 13.11
1113135, 570, -69, -857, 1540, -1680, -6230, 451, -117, 28, 985.65, 13.11
1113175, 469, -183, -871, 1750, -1050, -6230, 457, -120, 28, 985.64, 13.11
1113215, 296, -160, -876, -140, -1400, -8190, 442, -114, 34, 985.65, 13.11
1113255, 278, 30, -785, -2590, -910, -9520, 441, -120, 48, 985.68, 13.11
1113295, 356, 90, -1113, -2800, -2240, -5880, 457, -123, 45, 985.63, 13.11
1113335, 406, 105, -821, -3640, 1260, -2940, 457, -117, 42, 985.62, 13.11
1113375, 461, 150, -926, -3850, 1330, 280, 453, -114, 31, 985.60, 13.12
1113415, 489, 70, -861, -2520, 1820, 4690, 448, -121, 33, 985.62, 13.11
1113455, 479, -28, -834, 70, 2030, 2100, 448, -120, 36, 985.61, 13.12
1113495, 428, -66, -873, 3080, 1960, -630, 453, -123, 37, 985.61, 13.12
1113535, 504, -102, -767, 6370, 1120, -5880, 450, -126, 51, 985.71, 13.12
1113575, 527, 0, -890, 10780, 350, -4620, 450, -130, 39, 985.68, 13.12
1113615, 393, 43, -943, 11690, 490, -1820, 453, -139, 27, 985.67, 13.13
1113655, 294, -72, -911, 10780, 700, 1120, 445, -145, 34, 985.63, 13.12
1113695, 288, 64, -892, 7560, 840, 1610, 436, -133, 18, 985.60, 13.13
1113735, 367, 73, -931, 6090, -70, 4830, 438, -147, 22, 985.60, 13.13
1113775, 427, -63, -870, 4480, 420, 8400, 426, -147, 27, 985.59, 13.14
1113815, 508, -46, -852, 2240, 1050, 6440, 451, -144, 33, 985.55, 13.14
1113855, 564, 52, -761, -1820, 1610, 6930, 453, -144, 22, 985.58, 13.13
1113895, 585, 30, -841, -4270, 1050, 10290, 442, -145, 22, 985.58, 13.13
1113935, 544, -44, -815, -5810, 1540, 10080, 442, -145, 13, 985.67, 13.13
1113975, 436, -47, -857, -7630, 1190, 8470, 436, -138, 28, 985.66, 13.13
1114015, 405, -85, -961, -6790, 770, 6440, 436, -135, 39, 985.64, 13.14
1114055, 356, -148, -857, -6020, 560, 3430, 441, -138, 33, 985.62, 13.13
1114095, 289, -92, -895, -7910, -210, 1260, 453, -126, 33, 985.63, 13.13
1114135, 367, 68, -936, -8330, 490, 560, 441, -135, 21, 985.65, 13.13
1114175, 472, 180, -851, -7210, 1470, 2520, 448, -132, 33, 985.64, 13.13
1114215, 566, 10, -820, -5320, 2380, 5950, 448, -117, 19, 985.61, 13.13
1114255, 484, 38, -836, -7210, 2520, 5390, 433, -127, 25, 985.64, 13.12
1114295, 447, 22, -831, -8960, 490, 6230, 432, -124, 37, 985.61, 13.12
1114335, 517, -6, -939, -10220, -350, 7560, 435, -120, 37, 985.58, 13.12
1114375, 495, -14, -771, -13440, 1050, 7000, 451, -124, 31, 985.59, 13.12
1114415, 474, 71, -916, -15190, -140, 6160, 451, -111, 25, 985.62, 13.12
1114455, 486, -49, -687, -14350, 980, 7140, 442, -106, 24, 985.59, 13.12
1114495, 456, 43, -943, -12670, -1400, 2800, 445, -106, 30, 985.57, 13.12
1114535, 492, 80, -855, -8610, 490, 980, 441, -108, 43, 985.59, 13.13
1114575, 351, -22, -890, -3920, -70, 140, 447, -105, 42, 985.59, 13.13
1114615, 362, -94, -956, -1260, -910, -3430, 459, -99, 43, 985.56, 13.13
1114655, 426, 28, -890, 770, 560, -6020, 447, -105, 31, 985.57, 13.13
1114695, 423, 7, -876, 3360, 910, -4970, 450, -100, 31, 985.54, 13.14
1114735, 390, -103, -825, 5810, 1260, -4690, 468, -109, 24, 985.56, 13.14
1114775, 473, -116, -796, 4900, 1260, -7070, 444, -106, 10, 985.60, 13.14
1114815, 545, -73, -846, 3990, 350, -8610, 436, -102, 33, 985.60, 13.15
1114855, 570, -36, -804, 4690, 490, -7490, 439, -106, 40, 985.59, 13.16
1114895, 517, -65, -941, 5670, 770, -7770, 454, -114, 36, 985.61, 13.16
1114935, 437, -44, -783, 6790, 560, -9240, 454, -115, 27, 985.57, 13.16
1114975, 399, -119, -1028, 8820, -1540, -9240, 445, -117, 30, 985.60, 13.16
1115015, 344, -73, -704, 9590, 700, -11270, 442, -114, 40, 985.58, 13.17
1115055, 379, 50, -1011, 9590, -980, -11340, 433, -115, 28, 985.61, 13.16
1115095, 447, 131, -759, 10500, 1120, -7910, 433, -126, 36, 985.64, 13.16
1115135, 423, 43, -1009, 9520, -280, -3290, 442, -132, 43, 985.56, 13.16
1115175, 434, 84, -798, 5530, 1750, 1470, 451, -129, 36, 985.55, 13.17
1115215, 232, -38, -907, 700, 280, 7630, 447, -133, 40, 985.60, 13.16
1115255, 343, 28, -821, -4060, 280, 7770, 459, -130, 33, 985.56, 13.16
1115295, 478, 130, -815, -8400, 140, 12880, 447, -114, 36, 985.53, 13.17
1115335, 652, 23, -884, -3150, -280, 10710, 441, -115, 27, 985.58, 13.16
1115375, 464, -115, -828, -1050, 700, 7490, 436, -111, 33, 985.58, 13.17
1115415, 348, -56, -956, -3710, 700, 5250, 445, -124, 39, 985.57, 13.17
1115455, 264, 152, -944, -3220, 490, 2100, 450, -126, 45, 985.60, 13.17
1115495, 339, 84, -1020, -1890, -700, 6860, 454, -115, 48, 985.53, 13.18
1115535, 346, 33, -805, -560, 1890, 8260, 439, -111, 37, 985.56, 13.17
1115575, 459, -5, -738, -630, 1890, 6160, 445, -112, 31, 985.58, 13.17
1115615, 454, -65, -915, -70, -210, 5460, 439, -120, 39, 985.58, 13.17
1115655, 508, -158, -715, 70, 1050, 3500, 439, -114, 39, 985.59, 13.17
1115695, 500, -25, -989, -2660, -1610, 1890, 436, -109, 46, 985.61, 13.18
1115735, 517, -39, -862, -2520, 420, 1400, 441, -121, 39, 985.59, 13.18
1115775, 527, 2, -832, -2310, 1400, 1470, 442, -117, 36, 985.57, 13.18
1115815, 410, -56, -865, -770, -560, 840, 441, -115, 36, 985.56, 13.19
1115855, 407, -145, -874, 1330, -840, -1750, 448, -115, 33, 985.58, 13.18
1115895, 399, -115, -811, 1190, 910, -4480, 436, -109, 25, 985.54, 13.18
1115935, 358, -56, -930, 1820, 420, -6230, 420, -117, 31, 985.59, 13.19
1115975, 425, 2, -872, 2310, 2730, -5460, 421, -112, 45, 985.56, 13.20
1116015, 445, 88, -911, 1610, 1680, -2100, 429, -121, 49, 985.54, 13.20
1116055, 374, 29, -896, 490, 1330, 630, 436, -121, 49, 985.53, 13.21
1116095, 448, 37, -855, -1400, 700, 3150, 444, -120, 37, 985.50, 13.21
1116135, 487, 22, -805, -3080, -210, 5390, 439, -117, 33, 985.55, 13.21
1116175, 605, 60, -824, -5740, 700, 5530, 438, -120, 33, 985.55, 13.21
1116215, 569, 138, -709, -8050, 770, 7210, 426, -120, 37, 985.56, 13.22
1116255, 526, 135, -890, -6440, -1540, 9800, 432, -115, 43, 985.55, 13.22
1116295, 445, 125, -964, -5040, -350, 11060, 438, -117, 45, 985.61, 13.21
1116335, 478, 103, -900, -2380, 2170, 11620, 444, -115, 42, 985.62, 13.21
1116375, 299, -47, -880, 1750, 2170, 10360, 444, -109, 46, 985.61, 13.21
1116415, 382, -137, -829, 2030, 980, 7420, 445, -112, 43, 985.61, 13.21
1116455, 364, -150, -983, 1960, 280, 3710, 442, -121, 43, 985.58, 13.22
1116495, 446, -31, -802, 2660, 1890, -140, 447, -118, 30, 985.59, 13.22
1116535, 424, 2, -760, 2520, 1820, 2380, 430, -112, 27, 985.56, 13.23
1116575, 541, -4, -1062, 2380, 1260, 3920, 423, -115, 33, 985.55, 13.22
1116615, 518, -79, -653, 3990, 3080, 4410, 435, -121, 40, 985.54, 13.22
1116655, 463, -73, -931, 2170, -770, 2170, 433, -124, 40, 985.50, 13.22
1116695, 480, -20, -848, 2100, -280, 630, 453, -121, 54, 985.52, 13.22
1116735, 552, -30, -826, 980, 1120, 1540, 450, -121, 42, 985.52, 13.22
1116775, 364, -116, -817, -2380, 350, 4340, 442, -129, 40, 985.56, 13.22
1116815, 415, -172, -921, -7420, 70, 4270, 439, -115, 34, 985.58, 13.23
1116855, 532, -45, -816, -14280, 1610, 4340, 435, -105, 39, 985.57, 13.23
1116895, 361, 55, -898, -17990, 280, 6790, 439, -111, 55, 985.58, 13.25
1116935, 397, 48, -915, -16660, 1820, 6440, 448, -109, 48, 985.55, 13.24
1116975, 313, 54, -922, -14140, 70, 5880, 430, -102, 57, 985.54, 13.24
1117015, 386, -39, -915, -11340, -280, 3710, 447, -100, 52, 985.58, 13.24
1117055, 460, 76, -788, -10010, 630, 2240, 439, -94, 54, 985.51, 13.24
1117095, 582, 57, -844, -7980, 910, 2380, 447, -102, 46, 985.48, 13.25
1117135, 578, 98, -775, -4970, 1190, 1260, 447, -96, 37, 985.52, 13.24
1117175, 580, 48, -870, -2030, 910, 1610, 442, -93, 31, 985.50, 13.25
1117215, 502, 61, -796, 1190, 1050, 560, 444, -93, 30, 985.49, 13.25
1117255, 416, 48, -751, 5530, -210, 140, 435, -100, 52, 985.48, 13.24
1117295, 348, 66, -1093, 8400, -2030, -840, 438, -117, 58, 985.46, 13.24
1117335, 374, 26, -887, 9730, 140, 1680, 448, -108, 52, 985.48, 13.24
1117375, 395, -62, -861, 9730, 840, 2450, 454, -114, 40, 985.46, 13.25
1117415, 328, -91, -835, 7490, -210, 3010, 432, -112, 36, 985.54, 13.25
1117455, 373, -60, -870, 4830, -1260, 1960, 447, -111, 37, 985.54, 13.26
1117495, 415, 0, -980, 3710, -1400, 2240, 435, -106, 37, 985.54, 13.26
1117535, 357, -46, -843, 3360, -1120, 3500, 439, -115, 43, 985.56, 13.25
1117575, 476, -132, -865, 1750, 0, 4690, 438, -117, 51, 985.53, 13.25
1117615, 496, -88, -737, 420, 210, 1820, 441, -129, 55, 985.53, 13.25
1117655, 463, -63, -869, -280, -1540, 1190, 451, -127, 49, 985.54, 13.26
1117695, 506, -76, -813, 0, -1820, 1610, 451, -123, 48, 985.48, 13.26
1117735, 526, -48, -854, -140, -1540, -420, 450, -121, 40, 985.44, 13.26
1117775, 459, -129, -794, -210, -980, -210, 456, -115, 37, 985.45, 13.27
1117815, 439, -79, -924, -700, -2170, -2590, 450, -120, 34, 985.55, 13.26
1117855, 393, -98, -883, -2310, -770, -2450, 444, -114, 30, 985.54, 13.26
1117895, 372, 43, -943, -3710, -140, -3220, 439, -124, 34, 985.57, 13.25
1117935, 424, 74, -882, -3500, 420, 280, 427, -115, 45, 985.54, 13.25
1117975, 404, 74, -954, -4690, 1330, 2520, 447, -120, 51, 985.56, 13.26
1118015, 426, 37, -857, -5110, 3570, 4830, 456, -118, 52, 985.51, 13.26
1118055, 369, 35, -877, -5600, 2730, 5740, 454, -109, 49, 985.44, 13.25
1118095, 433, 69, -939, -5530, 3290, 5740, 450, -115, 42, 985.51, 13.25
1118135, 432, 34, -811, -6300, 4690, 7700, 441, -117, 40, 985.56, 13.25
1118175, 526, 22, -843, -6510, 4900, 7980, 435, -115, 48, 985.53, 13.25
1118215, 512, 61, -850, -7840, 4480, 8610, 442, -114, 48, 985.48, 13.25
1118255, 496, 25, -845, -8260, 3640, 10220, 436, -106, 39, 985.56, 13.26
1118295, 458, 19, -854, -8120, 2380, 9380, 432, -102, 58, 985.58, 13.26
1118335, 373, 48, -862, -8330, 770, 9100, 447, -102, 57, 985.60, 13.26
1118375, 356, 14, -930, -7910, -770, 8540, 436, -102, 60, 985.54, 13.26
1118415, 393, 55, -869, -6580, -560, 7560, 451, -103, 51, 985.50, 13.26
1118455, 426, -4, -894, -5600, -1120, 8470, 442, -96, 49, 985.54, 13.27
1118495, 487, 16, -818, -4060, -770, 7280, 445, -90, 51, 985.51, 13.27
1118535, 420, 18, -901, -2800, -1610, 7070, 448, -99, 45, 985.50, 13.27
1118575, 405, -56, -905, -1050, -1400, 5950, 450, -96, 42, 985.52, 13.27
1118615, 369, -90, -928, 700, 420, 1050, 445, -93, 39, 985.55, 13.28
1118655, 409, 9, -795, 1050, 0, 630, 441, -97, 37, 985.55, 13.28
1118695, 385, -31, -846, 1190, -1330, 2100, 433, -93, 46, 985.51, 13.29
1118735, 406, -27, -879, 1330, -1470, 1610, 433, -94, 51, 985.54, 13.29
1118775, 449, -17, -868, 1540, -980, 1680, 456, -102, 52, 985.49, 13.30
1118815, 454, -47, -865, 2170, -1890, 1960, 457, -115, 52, 985.49, 13.30
1118855, 455, -43, -866, 2940, -1610, 1400, 463, -100, 54, 985.50, 13.31
1118895, 457, -53, -844, 3780, -700, 840, 451, -100, 40, 985.46, 13.31
1118935, 441, -58, -891, 4830, -980, -910, 447, -109, 40, 985.49, 13.32
1118975, 386, -71, -865, 5810, -1120, -910, 447, -103, 42, 985.49, 13.31
1119015, 427, -55, -931, 6720, -2240, -1400, 447, -111, 40, 985.56, 13.32
1119055, 491, -117, -793, 7560, -1120, -2170, 436, -114, 37, 985.60, 13.32
1119095, 448, -126, -592, 7910, -1960, -3220, 450, -117, 43, 985.55, 13.32
1119135, 298, -100, -973, 6930, -6230, -4270, 447, -124, 43, 985.50, 13.33
1119175, 404, -139, -1110, 6300, -3290, -4060, 447, -117, 55, 985.50, 13.33
1119215, 449, 109, -657, 4550, 2380, -3920, 460, -126, 58, 985.55, 13.33
1119255, 390, 199, -627, 3570, -2240, 3150, 466, -121, 54, 985.53, 13.34
1119295, 403, -9, -1222, 3640, -7490, 8470, 463, -133, 48, 985.56, 13.35
1119335, 492, 43, -1159, 3570, 0, 7770, 462, -130, 52, 985.56, 13.35
1119375, 431, 10, -877, 3080, 6930, 9940, 456, -138, 51, 985.58, 13.35
1119415, 435, 137, -724, 2590, 5250, 12460, 466, -132, 45, 985.55, 13.35
1119455, 386, 46, -862, 840, 1610, 16940, 456, -132, 37, 985.52, 13.36
1119495, 411, 77, -810, 0, 1260, 18690, 453, -124, 40, 985.52, 13.36
1119535, 482, 48, -784, -350, 3710, 20720, 450, -127, 39, 985.49, 13.37
1119575, 557, -15, -860, -2170, 7980, 22610, 444, -130, 43, 985.52, 13.38
1119615, 471, -19, -879, -4410, 7000, 23450, 453, -124, 46, 985.50, 13.38
1119655, 394, -10, -993, -7770, 3710, 24920, 448, -126, 55, 985.51, 13.38
1119695, 416, 193, -830, -11550, 7490, 26180, 448, -121, 67, 985.48, 13.38
1119735, 506, 264, -707, -16870, 11060, 33250, 460, -123, 54, 985.50, 13.39
1119775, 504, 115, -901, -17850, 8400, 38850, 450, -118, 51, 985.54, 13.39
1119815, 374, 137, -1063, -16450, 3500, 39620, 454, -117, 48, 985.54, 13.39
1119855, 200, -238, -1027, -17010, -6720, 45570, 453, -108, 43, 985.48, 13.39
1119895, 389, -150, -1056, -18970, -3500, 36470, 456, -106, 52, 985.48, 13.39
1119935, 384, 182, -771, -19110, 3500, 30590, 444, -97, 46, 985.49, 13.40
1119975, 372, 180, -833, -23170, 4270, 37940, 450, -93, 58, 985.53, 13.40
1120015, 432, 184, -892, -22610, 5320, 42000, 444, -84, 63, 985.51, 13.40
1120055, 407, 81, -864, -22190, 6230, 45080, 441, -75, 66, 985.48, 13.40
1120095, 412, -130, -977, -23030, 5180, 46270, 444, -69, 61, 985.45, 13.40
1120135, 389, -158, -891, -23520, 6230, 40040, 441, -63, 64, 985.46, 13.40
1120175, 341, 20, -940, -24990, 5530, 35210, 445, -61, 55, 985.49, 13.40
1120215, 341, 90, -920, -24780, 5740, 36750, 432, -52, 52, 985.51, 13.40
1120255, 320, 63, -895, -24290, 5250, 39480, 430, -40, 66, 985.50, 13.40
1120295, 382, -78, -1011, -23800, 6510, 36190, 442, -37, 51, 985.50, 13.38
1120335, 407, -88, -855, -23870, 4830, 33600, 430, -28, 40, 985.46, 13.38
1120375, 381, 3, -961, -22750, 4480, 30660, 426, -24, 48, 985.51, 13.39
1120415, 426, 39, -955, -21490, 7770, 29470, 411, -6, 42, 985.48, 13.39
1120455, 441, 16, -903, -21700, 10010, 31010, 409, -10, 40, 985.49, 13.40
1120495, 447, -114, -899, -22960, 9240, 31850, 400, 4, 49, 985.53, 13.41
1120535, 399, -63, -923, -23310, 8400, 28630, 399, 1, 49, 985.51, 13.41
1120575, 410, -36, -846, -24080, 8470, 27370, 399, 7, 51, 985.48, 13.40
1120615, 363, 3, -821, -22470, 7560, 25200, 393, 10, 55, 985.49, 13.40
1120655, 346, -30, -877, -20650, 6650, 24010, 399, 10, 51, 985.40, 13.41
1120695, 352, -49, -841, -20020, 5880, 22610, 397, 22, 51, 985.41, 13.42
1120735, 340, -35, -907, -18830, 2590, 21910, 393, 24, 34, 985.43, 13.42
1120775, 370, -13, -968, -18970, 770, 21980, 381, 28, 40, 985.46, 13.44
1120815, 457, 27, -889, -19670, 1960, 22260, 375, 48, 30, 985.51, 13.44
1120855, 479, 76, -860, -20230, 4410, 22050, 369, 43, 24, 985.48, 13.44
1120895, 510, 70, -817, -19600, 6440, 22680, 372, 46, 34, 985.53, 13.45
1120935, 325, -32, -952, -17080, 2380, 22960, 366, 58, 30, 985.53, 13.45
1120975, 329, -130, -961, -14280, -280, 20020, 360, 60, 33, 985.51, 13.45
1121015, 450, -78, -917, -13300, 700, 16100, 358, 54, 31, 985.47, 13.45
1121055, 458, -13, -842, -12950, 1540, 14770, 355, 64, 37, 985.49, 13.46
1121095, 462, -52, -849, -11130, 2030, 14280, 363, 64, 25, 985.48, 13.45
1121135, 429, -104, -787, -8330, 1960, 12390, 358, 60, 34, 985.49, 13.45
1121175, 432, -98, -804, -4480, 980, 8750, 370, 55, 24, 985.50, 13.46
1121215, 425, -77, -858, -980, -210, 5600, 366, 55, 27, 985.47, 13.47
1121255, 442, -44, -860, 2730, -630, 2870, 355, 63, 25, 985.46, 13.47
1121295, 458, -70, -858, 5810, -700, 1540, 363, 63, 18, 985.47, 13.48
1121335, 478, 50, -840, 6160, -140, 560, 361, 60, 28, 985.45, 13.48
1121375, 444, 162, -853, 4830, 280, 4200, 354, 57, 21, 985.47, 13.50
1121415, 422, 122, -823, 2450, 140, 11270, 352, 51, 22, 985.49, 13.50
1121455, 440, 53, -845, -1050, -1190, 16450, 366, 51, 28, 985.47, 13.50
1121495, 406, 79, -905, -6580, -1400, 21210, 361, 54, 9, 985.47, 13.51
1121535, 313, 103, -919, -11480, -1050, 25970, 354, 58, 9, 985.53, 13.51
1121575, 281, 136, -893, -14770, -1890, 30030, 343, 64, 15, 985.48, 13.52
1121615, 369, 174, -903, -18970, -2940, 34790, 337, 64, 12, 985.50, 13.52
1121655, 421, 102, -958, -22190, -3360, 40180, 325, 60, 19, 985.47, 13.53
1121695, 482, -25, -884, -23590, -1400, 41790, 330, 72, 21, 985.52, 13.52
1121735, 428, -111, -842, -26180, -560, 41160, 318, 72, 22, 985.49, 13.53
1121775, 384, -215, -950, -27510, -1330, 37240, 322, 73, 21, 985.48, 13.52
1121815, 352, 34, -925, -29890, -490, 31640, 313, 78, 19, 985.48, 13.52
1121855, 283, 156, -877, -30940, -210, 34440, 321, 87, 7, 985.49, 13.52
1121895, 373, 375, -948, -29190, -1120, 38710, 313, 93, 13, 985.47, 13.51
1121935, 395, -35, -879, -24640, 140, 43400, 303, 97, 1, 985.47, 13.52
1121975, 447, -360, -903, -24850, 910, 28560, 307, 109, -6, 985.47, 13.52
1122015, 423, 0, -859, -22680, 1190, 22680, 298, 109, -13, 985.51, 13.52
1122055, 423, -85, -836, -19670, 1540, 21000, 291, 114, -15, 985.46, 13.53
1122095, 372, -111, -871, -16170, -70, 16800, 288, 123, -15, 985.52, 13.52
1122135, 344, -98, -956, -10920, -2800, 12670, 292, 127, -16, 985.52, 13.52
1122175, 374, -54, -891, -7910, -3150, 8050, 298, 123, -12, 985.51, 13.52
1122215, 327, 26, -947, -6930, -3220, 6370, 288, 120, -19, 985.45, 13.52
1122255, 366, 53, -881, -5460, -1610, 6860, 277, 129, -16, 985.39, 13.52
1122295, 339, 19, -875, -4480, -630, 7910, 280, 132, -19, 985.45, 13.53
1122335, 370, -48, -887, -3290, 210, 8120, 277, 126, -22, 985.47, 13.53
1122375, 373, -57, -900, -2730, 210, 7070, 282, 127, -15, 985.50, 13.54
1122415, 360, 40, -921, -2800, -140, 6930, 285, 130, -3, 985.51, 13.55
1122455, 328, 26, -928, -2730, -630, 8330, 285, 132, -13, 985.54, 13.55
1122495, 210, -106, -858, -1470, -1610, 8470, 289, 124, -12, 985.47, 13.57
1122535, 211, -119, -886, 910, -4270, 5600, 286, 117, -9, 985.47, 13.57
1122575, 341, -134, -982, 1540, -5320, 2800, 295, 121, -13, 985.47, 13.57
1122615, 318, 18, -964, -490, -3710, 280, 310, 114, -12, 985.47, 13.57
1122655, 256, 84, -996, 1120, -2590, 1610, 295, 115, -9, 985.44, 13.58
1122695, 273, 51, -997, 3080, -700, 3710, 304, 126, -10, 985.48, 13.59
1122735, 186, -55, -965, 5320, 70, 4480, 303, 111, -7, 985.45, 13.59
1122775, 200, -125, -965, 5740, 140, 3850, 309, 117, -13, 985.46, 13.59
1122815, 175, -18, -944, 4690, -350, 2310, 310, 109, -10, 985.43, 13.61
1122855, 203, -6, -1026, 5670, -910, 3220, 297, 117, -7, 985.45, 13.60
1122895, 236, -61, -972, 5880, -70, 4340, 289, 108, -10, 985.44, 13.61
1122935, 212, -43, -1040, 6230, -630, 5460, 298, 109, -1, 985.49, 13.61
1122975, 246, -66, -900, 7070, 70, 5110, 300, 102, -10, 985.52, 13.62
1123015, 195, -49, -989, 7140, 140, 5530, 297, 100, 1, 985.49, 13.63
1123055, 155, -49, -1064, 6580, 1540, 7420, 292, 96, -7, 985.54, 13.64
1123095, 312, -129, -937, 6230, 4340, 7770, 285, 93, 1, 985.50, 13.65
1123135, 487, -159, -934, 5740, 6790, 6860, 274, 94, 0, 985.50, 13.66
1123175, 417, -179, -861, 6860, 7280, 4620, 271, 91, 4, 985.47, 13.66
1123215, 192, -94, -815, 7630, 5250, 2590, 285, 91, 4, 985.52, 13.67
1123255, 250, -78, -866, 7420, 2520, 2940, 279, 84, -7, 985.50, 13.68
1123295, 296, -136, -937, 7910, 0, 3850, 280, 85, 3, 985.52, 13.69
1123335, 307, -151, -876, 7910, -420, 3780, 276, 85, 1, 985.52, 13.70
1123375, 335, -219, -922, 6650, -210, 3290, 271, 79, 0, 985.53, 13.70
1123415, 379, -160, -873, 4760, 350, 2660, 280, 87, 3, 985.49, 13.71
1123455, 375, -171, -897, 3080, 420, 2800, 277, 78, 4, 985.49, 13.73
1123495, 363, -187, -867, 2940, 560, 2730, 279, 84, 6, 985.51, 13.73
1123535, 401, -158, -876, 2100, 280, 2590, 283, 78, 4, 985.49, 13.74
1123575, 412, -181, -872, 2450, 630, 2380, 274, 82, 6, 985.49, 13.75
1123615, 394, -207, -881, 2030, 1050, 1540, 276, 78, 4, 985.49, 13.75
1123655, 380, -177, -877, 1050, 770, 490, 271, 73, 1, 985.51, 13.76
1123695, 373, -165, -873, 420, 840, 560, 280, 69, -1, 985.53, 13.76
1123735, 377, -179, -880, 140, 630, 770, 280, 72, -3, 985.52, 13.78
1123775, 401, -166, -869, -770, 490, 490, 279, 75, 10, 985.50, 13.78
1123815, 428, -165, -847, -560, 700, 420, 271, 85, -1, 985.45, 13.79
1123855, 430, -157, -860, -700, 630, 280, 276, 81, -1, 985.47, 13.79
1123895, 421, -182, -875, -70, 840, 70, 277, 79, -1, 985.53, 13.80
1123935, 415, -160, -885, -210, 1260, -490, 285, 75, -3, 985.56, 13.80
1123975, 406, -165, -857, -910, 1890, -140, 280, 85, -1, 985.52, 13.80
1124015, 378, -162, -872, -1820, 1680, 140, 277, 79, -1, 985.49, 13.81
1124055, 358, -170, -887, -2380, 1120, 420, 279, 78, 0, 985.46, 13.81
1124095, 363, -166, -885, -3220, 770, 490, 279, 81, -3, 985.45, 13.82
1124135, 376, -181, -874, -3570, 700, 630, 280, 72, 0, 985.47, 13.82
1124175, 397, -167, -872, -4480, 840, 490, 282, 78, 6, 985.50, 13.83
1124215, 389, -177, -865, -4830, 700, 350, 273, 84, 4, 985.50, 13.85
1124255, 397, -156, -878, -5670, 840, 0, 286, 90, 4, 985.46, 13.85
1124295, 380, -150, -880, -6160, 910, 210, 273, 81, 4, 985.43, 13.85
1124335, 385, -145, -877, -6720, 980, 280, 277, 85, 0, 985.40, 13.86
1124375, 379, -152, -868, -6860, 910, 490, 283, 75, 3, 985.42, 13.86
1124415, 380, -102, -873, -7420, 700, 280, 285, 84, -7, 985.43, 13.87
1124455, 408, -130, -878, -7070, 910, 980, 274, 88, 0, 985.49, 13.88
1124495, 384, -91, -883, -6860, 1050, 560, 280, 88, 0, 985.49, 13.88
1124535, 393, -78, -879, -5880, 840, 840, 276, 91, 1, 985.49, 13.88
1124575, 401, -74, -903, -5180, 420, 1260, 276, 102, 0, 985.54, 13.90
1124615, 399, -49, -865, -4200, 420, 2100, 279, 94, 1, 985.51, 13.90
1124655, 440, -72, -846, -2520, 770, 3010, 279, 100, 0, 985.53, 13.90
1124695, 473, -87, -801, 280, 1610, 2590, 270, 96, 6, 985.48, 13.91
1124735, 518, -79, -843, 3780, 1120, 1120, 267, 85, -7, 985.51, 13.91
1124775, 492, -62, -882, 5740, 350, 70, 271, 88, 3, 985.54, 13.93
1124815, 430, -117, -833, 5180, 630, 1750, 282, 82, 0, 985.51, 13.94
1124855, 425, -148, -896, 4060, 490, 3500, 271, 85, 4, 985.47, 13.94
1124895, 427, -104, -836, 3360, 770, 4340, 274, 78, 7, 985.43, 13.95
1124935, 489, -125, -860, 2800, 560, 5810, 270, 85, 4, 985.44, 13.94
1124975, 498, -92, -865, 2870, 490, 5880, 267, 82, 0, 985.48, 13.96
1125015, 426, -84, -870, 3640, 420, 6790, 268, 82, 3, 985.45, 13.96
1125055, 376, -161, -889, 3010, 490, 8190, 262, 76, 10, 985.47, 13.97
1125095, 372, -230, -884, 1890, 1190, 8330, 261, 76, 0, 985.49, 13.97
1125135, 445, -277, -876, 1540, 2380, 7070, 267, 78, -1, 985.53, 13.98
1125175, 455, -244, -774, 280, 3220, 5110, 258, 75, 6, 985.51, 13.99
1125215, 460, -225, -777, -1680, 2520, 4480, 267, 79, 3, 985.49, 13.98
1125255, 449, -219, -817, -2520, 1190, 3640, 261, 70, 0, 985.51, 13.99
1125295, 457, -178, -828, -2660, 630, 2450, 259, 78, -4, 985.53, 13.99
1125335, 455, -180, -842, -2240, 910, 1330, 261, 85, 1, 985.50, 14.01
1125375, 438, -119, -877, -1470, 560, 1050, 253, 73, -1, 985.45, 14.01
1125415, 390, -118, -881, -700, 560, 1960, 265, 79, -4, 985.52, 14.01
1125455, 382, -183, -876, -980, 630, 3150, 261, 87, -7, 985.45, 14.02
1125495, 402, -183, -865, -1050, 560, 2800, 253, 72, -1, 985.45, 14.02
1125535, 431, -157, -853, -1120, 700, 2240, 259, 75, -1, 985.42, 14.02
1125575, 430, -176, -850, -1050, 700, 2380, 264, 75, 3, 985.44, 14.04
1125615, 422, -189, -848, -1120, 700, 2240, 261, 75, -3, 985.44, 14.04
1125655, 428, -177, -862, -1050, 490, 1680, 261, 75, 3, 985.45, 14.05
1125695, 434, -163, -857, -980, 490, 1330, 249, 82, 0, 985.46, 14.05
1125735, 430, -145, -861, -630, 560, 1470, 252, 69, 4, 985.46, 14.06
1125775, 424, -162, -861, -630, 560, 1890, 261, 76, -1, 985.51, 14.06
1125815, 412, -190, -856, -840, 630, 2240, 252, 67, -3, 985.46, 14.06
1125855, 418, -186, -851, -1330, 560, 1890, 259, 76, -3, 985.45, 14.06
1125895, 433, -173, -851, -1540, 490, 1540, 262, 67, 3, 985.44, 14.07
1125935, 440, -176, -850, -1400, 490, 1330, 253, 70, -3, 985.44, 14.07
1125975, 438, -183, -851, -1470, 420, 1260, 258, 70, 4, 985.49, 14.07
1126015, 429, -184, -855, -1610, 420, 1190, 265, 70, -7, 985.50, 14.07
1126055, 417, -184, -859, -1890, 420, 980, 253, 66, 0, 985.56, 14.07
1126095, 421, -168, -855, -2030, 490, 630, 259, 76, -4, 985.53, 14.08
1126135, 423, -156, -855, -2030, 490, 490, 253, 69, -3, 985.52, 14.08
1126175, 430, -163, -857, -1960, 490, 630, 253, 76, -7, 985.49, 14.08
1126215, 430, -170, -853, -1960, 490, 770, 246, 73, 3, 985.56, 14.08
1126255, 431, -162, -857, -2100, 490, 770, 252, 82, -1, 985.53, 14.08
1126295, 425, -155, -856, -2030, 490, 700, 253, 69, -4, 985.42, 14.08
1126335, 421, -154, -857, -2030, 420, 840, 255, 87, -9, 985.45, 14.10
1126375, 423, -162, -863, -1820, 420, 980, 249, 79, 0, 985.50, 14.10
1126415, 422, -170, -847, -1540, 490, 840, 258, 79, -7, 985.53, 14.11
1126455, 428, -197, -858, -1050, 280, 490, 258, 76, -3, 985.48, 14.12
1126495, 442, -185, -849, -1260, 210, -280, 264, 76, -7, 985.48, 14.13
1126535, 443, -166, -848, -1190, 210, -770, 246, 87, -12, 985.47, 14.13
1126575, 429, -133, -855, -770, 210, -1050, 255, 79, -1, 985.48, 14.13
1126615, 420, -140, -859, -140, 210, -630, 261, 79, -7, 985.51, 14.14
1126655, 418, -169, -857, 210, 140, -560, 256, 85, -1, 985.50, 14.15
1126695, 418, -182, -858, 140, 70, -770, 261, 76, -9, 985.48, 14.15
1126735, 412, -166, -863, -140, 70, -980, 261, 76, -9, 985.51, 14.16
1126775, 411, -141, -856, -280, 0, -1050, 255, 78, -1, 985.50, 14.16
1126815, 422, -160, -856, -70, -140, -840, 255, 82, -4, 985.50, 14.16
1126855, 439, -133, -853, -210, -70, -980, 265, 73, -12, 985.46, 14.18
1126895, 446, -131, -852, -560, 140, -350, 256, 76, -6, 985.48, 14.19
1126935, 438, -140, -864, -980, 420, 560, 244, 76, -6, 985.48, 14.19
1126975, 413, -161, -859, -1190, 700, 1400, 258, 82, -3, 985.48, 14.20
1127015, 410, -180, -863, -1750, 420, 1050, 256, 70, -7, 985.49, 14.21
1127055, 422, -177, -853, -1890, 350, 840, 261, 76, -3, 985.50, 14.21
1127095, 436, -164, -850, -1960, 350, 490, 261, 84, -3, 985.51, 14.21
1127135, 434, -159, -858, -1890, 420, 420, 255, 79, -3, 985.52, 14.23
1127175, 416, -172, -856, -2100, 420, 700, 265, 76, -10, 985.58, 14.23
1127215, 419, -176, -859, -2520, 350, 630, 262, 82, -7, 985.51, 14.23
1127255, 421, -154, -861, -2730, 280, 70, 255, 90, -7, 985.48, 14.24
1127295, 420, -137, -859, -2730, 280, 70, 262, 76, -6, 985.46, 14.24
1127335, 424, -135, -865, -2520, 350, 280, 252, 84, -10, 985.43, 14.25
1127375, 421, -139, -856, -2030, 350, 490, 253, 75, -6, 985.46, 14.25
1127415, 427, -144, -861, -1750, 280, 630, 241, 90, -7, 985.41, 14.26
1127455, 423, -140, -862, -1540, 280, 560, 252, 82, -4, 985.47, 14.26
1127495, 412, -129, -863, -1190, 350, 560, 249, 82, 1, 985.55, 14.27
1127535, 412, -124, -877, -490, 350, 700, 253, 82, 0, 985.55, 14.28
1127575, 405, -117, -868, -350, 560, 1190, 255, 78, -13, 985.55, 14.29
1127615, 416, -161, -864, -700, 560, 2100, 258, 88, -10, 985.48, 14.30
1127655, 428, -196, -851, -630, 490, 1960, 253, 79, -1, 985.47, 14.30
1127695, 436, -181, -855, -910, 420, 1050, 258, 73, -10, 985.48, 14.31
1127735, 437, -167, -846, -1120, 420, 630, 255, 81, -10, 985.49, 14.31
1127775, 432, -163, -850, -1400, 350, 630, 255, 93, -3, 985.50, 14.32
1127815, 428, -170, -854, -1750, 350, 630, 250, 79, 0, 985.51, 14.32
1127855, 424, -157, -857, -2170, 350, 420, 253, 84, -15, 985.53, 14.33
1127895, 424, -142, -860, -2310, 350, 350, 259, 87, -10, 985.54, 14.33
1127935, 424, -145, -861, -1960, 280, 350, 253, 88, -15, 985.51, 14.33
1127975, 421, -142, -860, -1750, 280, 140, 250, 82, -9, 985.51, 14.34
1128015, 423, -142, -862, -1540, 210, 70, 252, 79, -7, 985.49, 14.35
1128055, 423, -144, -863, -1540, 210, 0, 255, 84, -9, 985.52, 14.36
1128095, 417, -137, -866, -1680, 280, 280, 252, 82, -7, 985.53, 14.36
1128135, 413, -137, -861, -1610, 420, 630, 247, 88, -10, 985.47, 14.37
1128175, 410, -158, -858, -1470, 420, 770, 258, 88, -16, 985.44, 14.37
1128215, 401, -159, -860, -1470, 350, 280, 255, 87, -9, 985.47, 14.38
1128255, 456, -99, -913, -1120, 280, 70, 250, 79, -1, 985.46, 14.38
1128295, 458, -144, -872, 560, 700, 1960, 255, 85, -6, 985.46, 14.38
1128335, 324, -147, -898, 560, 840, 910, 249, 85, -12, 985.47, 14.39
1128375, 434, -185, -781, 1610, 1540, -490, 253, 73, -4, 985.47, 14.40
1128415, 487, -103, -754, -1190, 1470, 560, 261, 85, 0, 985.46, 14.40
1128455, 371, -155, -985, 840, -350, -2940, 253, 88, -3, 985.48, 14.41
1128495, 495, -218, -843, 1120, 350, 1960, 259, 78, -7, 985.51, 14.42
1128535, 471, -239, -794, -4410, 630, 2380, 253, 79, -12, 985.46, 14.42
1128575, 424, -276, -845, -5040, 700, -70, 256, 93, -10, 985.46, 14.43
1128615, 376, -86, -866, -6580, 630, -1960, 256, 90, -6, 985.49, 14.43
1128655, 417, -90, -882, -3780, 630, -2450, 250, 88, -18, 985.50, 14.44
1128695, 455, -158, -852, -2310, -70, -3010, 256, 84, -12, 985.50, 14.44
1128735, 498, -170, -821, -2310, -350, -3220, 252, 88, -3, 985.45, 14.45
1128775, 511, -210, -824, -3570, -630, -5530, 256, 94, -13, 985.51, 14.45
1128815, 523, -136, -812, -3710, -700, -7700, 256, 100, -6, 985.49, 14.45
1128855, 508, -107, -798, -3570, -560, -7560, 256, 91, -7, 985.46, 14.45
1128895, 500, -201, -829, -3080, -840, -6370, 267, 94, -1, 985.45, 14.45
1128935, 504, -235, -786, -3150, -910, -8680, 259, 102, -13, 985.52, 14.46
1128975, 537, -171, -802, -3010, -1120, -11270, 268, 111, -7, 985.54, 14.46
1129015, 501, -150, -808, -2170, -1540, -13020, 270, 105, -9, 985.48, 14.46
1129055, 513, -210, -824, -980, -1610, -14140, 271, 106, -1, 985.44, 14.46
1129095, 488, -128, -833, -1540, -1750, -16590, 271, 105, -10, 985.46, 14.46
1129135, 502, -132, -819, -700, -1820, -17080, 273, 111, -12, 985.48, 14.46
1129175, 478, -158, -823, -1400, -2030, -16520, 283, 114, -6, 985.50, 14.47
1129215, 499, -183, -827, -1610, -2240, -18760, 280, 124, 0, 985.52, 14.48
1129255, 504, -161, -814, -1680, -2100, -20370, 282, 115, -3, 985.51, 14.49
1129295, 510, -156, -830, -2310, -1890, -21210, 288, 124, -7, 985.49, 14.49
1129335, 490, -112, -829, -3220, -1610, -22330, 289, 117, -4, 985.51, 14.50
1129375, 528, -54, -775, -1400, -1260, -23240, 295, 132, 1, 985.52, 14.51
1129415, 591, -20, -827, 1120, -910, -23940, 297, 123, -10, 985.45, 14.51
1129455, 547, -33, -841, 4130, -70, -24710, 307, 126, -6, 985.42, 14.52
1129495, 478, -47, -844, 5950, 490, -25410, 304, 121, -6, 985.51, 14.53
1129535, 453, 19, -959, 4620, 140, -24990, 319, 120, -7, 985.50, 14.54
1129575, 465, 4, -783, 2030, 840, -21560, 315, 123, -12, 985.46, 14.54
1129615, 546, -22, -920, -350, -280, -18690, 322, 118, -4, 985.48, 14.55
1129655, 627, -3, -724, -770, 2030, -18060, 334, 123, -9, 985.47, 14.55
1129695, 601, -16, -829, -1120, 1680, -17780, 324, 120, -6, 985.45, 14.56
1129735, 589, 10, -761, 70, 2940, -17010, 333, 115, -4, 985.47, 14.56
1129775, 548, -65, -786, 1190, 3010, -16870, 333, 127, -7, 985.51, 14.56
1129815, 605, -161, -800, 1050, 3290, -17150, 334, 126, -6, 985.51, 14.57
1129855, 605, -166, -697, 3290, 4060, -20930, 334, 121, -12, 985.53, 14.58
1129895, 614, -93, -832, 4410, 2380, -25340, 327, 118, -13, 985.51, 14.58
1129935, 578, -45, -739, 6020, 2380, -25480, 331, 121, -19, 985.48, 14.58
1129975, 576, -62, -836, 8190, 1190, -26670, 342, 114, -7, 985.45, 14.58
1130015, 563, -180, -734, 10990, 1400, -27650, 339, 118, -3, 985.48, 14.59
1130055, 614, -328, -748, 11550, 980, -31150, 363, 115, 0, 985.51, 14.59
1130095, 527, -185, -782, 12110, -560, -37800, 360, 108, 9, 985.45, 14.59
1130135, 464, -46, -986, 11410, -2030, -40320, 372, 99, 18, 985.50, 14.59
1130175, 385, 22, -985, 8330, 70, -35700, 384, 100, 10, 985.50, 14.59
1130215, 501, -28, -898, 8960, 2380, -32130, 387, 103, 13, 985.49, 14.59
1130255, 385, -63, -904, 6720, 2800, -31080, 382, 103, 6, 985.43, 14.58
1130295, 272, -124, -965, 6440, 3570, -31220, 387, 100, 6, 985.48, 14.59
1130335, 380, -81, -879, 7700, 3500, -34300, 385, 105, 0, 985.48, 14.59
1130375, 464, -21, -884, 8680, 3220, -35140, 394, 100, 4, 985.48, 14.60
1130415, 489, -20, -842, 8750, 4900, -33390, 394, 93, 3, 985.55, 14.59
1130455, 437, 112, -893, 7840, 5530, -31360, 405, 90, 3, 985.51, 14.59
1130495, 412, 145, -857, 9240, 6510, -29050, 402, 84, 16, 985.52, 14.58
1130535, 404, 68, -890, 6720, 6300, -24640, 405, 84, 25, 985.48, 14.58
1130575, 399, 47, -886, 4830, 5880, -22120, 402, 90, 30, 985.47, 14.58
1130615, 496, 36, -852, 3500, 5110, -20720, 406, 76, 28, 985.49, 14.58
1130655, 571, 27, -789, 2730, 4620, -20370, 417, 84, 25, 985.44, 14.59
1130695, 529, -10, -831, 2520, 3290, -20440, 420, 82, 21, 985.44, 14.59
1130735, 509, -26, -795, 3640, 3080, -22330, 417, 87, 24, 985.46, 14.60
1130775, 538, -52, -774, 5180, 1680, -24850, 412, 85, 25, 985.47, 14.59
1130815, 633, -25, -823, 6370, 140, -27230, 417, 84, 25, 985.44, 14.59
1130855, 692, -55, -766, 6510, 770, -28700, 417, 76, 31, 985.53, 14.59
1130895, 669, 39, -764, 5180, 1890, -28210, 429, 78, 27, 985.50, 14.59
1130935, 616, 57, -749, 3780, 3360, -26180, 432, 81, 16, 985.48, 14.59
1130975, 428, 93, -931, 3220, 3080, -24990, 429, 81, 19, 985.45, 14.60
1131015, 365, 93, -877, 3290, 4340, -23100, 432, 66, 24, 985.44, 14.60
1131055, 340, -9, -960, 3640, 3640, -22470, 439, 67, 25, 985.44, 14.60
1131095, 355, -82, -935, 3990, 3360, -24990, 439, 64, 25, 985.45, 14.60
1131135, 356, -107, -866, 7140, 4760, -30170, 438, 63, 34, 985.41, 14.59
1131175, 464, 35, -866, 12600, 5250, -35560, 450, 57, 43, 985.46, 14.59
1131215, 436, 47, -933, 17010, 4620, -36050, 454, 54, 34, 985.49, 14.59
1131255, 412, -142, -845, 18900, 5740, -35070, 460, 51, 36, 985.46, 14.59
1131295, 479, 9, -869, 19040, 4830, -39410, 450, 42, 28, 985.47, 14.59
1131335, 560, 25, -861, 17990, 4410, -38430, 442, 46, 27, 985.44, 14.60
1131375, 558, -18, -840, 17990, 3990, -37170, 456, 37, 31, 985.46, 14.60
1131415, 485, -63, -811, 18550, 3710, -35910, 448, 34, 42, 985.46, 14.60
1131455, 460, -152, -914, 17360, 2660, -37100, 457, 22, 42, 985.47, 14.59
1131495, 516, -150, -822, 16380, 3850, -41370, 465, 6, 51, 985.46, 14.61
1131535, 535, -131, -865, 15260, 3500, -44100, 474, 4, 51, 985.47, 14.61
1131575, 522, -117, -811, 14560, 3570, -44940, 469, 4, 49, 985.52, 14.60
1131615, 586, -127, -842, 14210, 5810, -43960, 469, 0, 46, 985.51, 14.61
1131655, 515, -94, -850, 11620, 8190, -45850, 469, -1, 46, 985.46, 14.61
1131695, 317, -1, -984, 10850, 8750, -46760, 474, -13, 43, 985.43, 14.61
1131735, 292, -63, -963, 12110, 10640, -45080, 465, -1, 40, 985.43, 14.62
1131775, 355, -31, -944, 12250, 10640, -45150, 454, -9, 45, 985.51, 14.62
1131815, 409, 23, -944, 13020, 11690, -44380, 450, -25, 46, 985.45, 14.61
1131855, 322, 52, -936, 14840, 11690, -44240, 465, -27, 46, 985.53, 14.61
1131895, 327, 183, -970, 14770, 11550, -44380, 460, -34, 60, 985.48, 14.61
1131935, 384, 161, -864, 15400, 11130, -38360, 472, -36, 54, 985.47, 14.61
1131975, 469, -21, -846, 15120, 10010, -34860, 469, -39, 54, 985.51, 14.60
1132015, 569, -15, -805, 15890, 9310, -37380, 459, -46, 43, 985.50, 14.60
1132055, 630, -36, -843, 15750, 8470, -38220, 438, -58, 34, 985.52, 14.60
1132095, 626, 0, -810, 17080, 8470, -40180, 442, -60, 42, 985.50, 14.60
1132135, 563, 132, -886, 18900, 8540, -38640, 439, -72, 45, 985.52, 14.60
1132175, 407, 126, -892, 21280, 8960, -36050, 447, -75, 52, 985.49, 14.59
1132215, 305, 83, -979, 23170, 8540, -34440, 445, -78, 55, 985.47, 14.59
1132255, 286, 37, -979, 23800, 8260, -32830, 451, -90, 45, 985.41, 14.59
1132295, 354, -76, -950, 22750, 9170, -31500, 438, -94, 39, 985.41, 14.59
1132335, 375, -61, -1002, 21840, 10220, -33250, 438, -108, 37, 985.39, 14.59
1132375, 386, 46, -878, 25760, 12040, -35210, 433, -108, 43, 985.42, 14.59
1132415, 416, -49, -898, 28770, 11410, -35700, 433, -115, 31, 985.41, 14.60
1132455, 519, -200, -851, 33390, 9380, -37940, 412, -123, 30, 985.47, 14.61
1132495, 663, -217, -823, 36540, 9590, -42140, 403, -138, 28, 985.52, 14.60
1132535, 705, -148, -821, 36540, 9870, -44590, 417, -151, 33, 985.45, 14.60
1132575, 702, -66, -750, 36050, 10010, -44940, 397, -156, 28, 985.48, 14.60
1132615, 620, -30, -859, 34160, 9170, -42350, 409, -168, 13, 985.48, 14.60
1132655, 431, -165, -769, 29750, 8260, -36820, 393, -169, 15, 985.48, 14.60
1132695, 292, -127, -974, 23730, 5110, -34230, 378, -184, 10, 985.45, 14.60
1132735, 223, 93, -938, 16800, 5250, -32060, 376, -189, 9, 985.40, 14.58
1132775, 270, 121, -969, 14350, 4480, -26110, 381, -196, 13, 985.40, 14.58
1132815, 346, 100, -917, 12880, 4130, -19320, 366, -187, 18, 985.43, 14.58
1132855, 355, 147, -974, 11270, 4690, -15610, 379, -190, 13, 985.43, 14.58
1132895, 430, 204, -785, 12740, 4760, -14560, 376, -192, 3, 985.43, 14.58
1132935, 475, 88, -857, 15330, 2660, -11620, 375, -193, 1, 985.43, 14.58
1132975, 615, 39, -783, 16590, 2380, -11760, 367, -208, -1, 985.38, 14.58
1133015, 628, 57, -780, 16240, 1470, -11130, 363, -210, 9, 985.46, 14.58
1133055, 697, 111, -720, 15470, 1680, -10080, 360, -210, -7, 985.45, 14.58
1133095, 685, 60, -717, 14980, 420, -6790, 354, -211, -6, 985.50, 14.58
1133135, 571, 126, -792, 15470, 70, -6510, 361, -225, 3, 985.54, 14.58
1133175, 426, 191, -906, 17640, 630, -4060, 366, -235, -4, 985.51, 14.58
1133215, 258, 143, -996, 18620, 1120, -910, 381, -240, -7, 985.53, 14.58
1133255, 346, 25, -981, 18480, 2450, 140, 363, -241, -21, 985.55, 14.58
1133295, 317, -107, -772, 17360, 2240, 420, 360, -243, -22, 985.54, 14.58
1133335, 383, -100, -945, 13370, 280, 140, 349, -235, -19, 985.48, 14.56
1133375, 450, -8, -861, 9800, 910, 490, 343, -249, -16, 985.44, 14.57
1133415, 508, -54, -832, 7140, 1260, 2800, 355, -249, -10, 985.46, 14.56
1133455, 585, -152, -787, 5390, 2450, 2030, 351, -249, -19, 985.45, 14.57
1133495, 649, -152, -683, 980, 3220, -70, 372, -252, -10, 985.45, 14.56
1133535, 622, -75, -807, -3430, 210, -1820, 370, -240, -25, 985.46, 14.57
1133575, 594, -126, -836, -5950, 140, -2660, 357, -237, -24, 985.44, 14.56
1133615, 389, -211, -877, -6860, 490, -6370, 358, -249, -18, 985.46, 14.56
1133655, 280, -96, -945, -7140, -70, -10430, 349, -237, -21, 985.43, 14.55
1133695, 232, 14, -936, -6510, -420, -11620, 348, -237, -16, 985.39, 14.55
1133735, 367, 90, -884, -3080, -980, -11340, 358, -240, -9, 985.44, 14.56
1133775, 437, 123, -944, 1750, 1680, -7560, 363, -243, -3, 985.45, 14.56
1133815, 520, 91, -769, 2520, 1470, -4760, 370, -244, -13, 985.51, 14.56
1133855, 538, -57, -799, 1890, -280, -2520, 363, -240, -21, 985.51, 14.56
1133895, 567, 16, -835, 1680, -70, -4060, 352, -247, -13, 985.49, 14.57
1133935, 576, 100, -713, 2310, -140, -4270, 348, -243, -18, 985.46, 14.57
1133975, 443, 135, -867, 5460, -1960, -4200, 354, -244, -12, 985.43, 14.56
1134015, 419, 197, -872, 8820, -2310, -3430, 369, -252, -15, 985.44, 14.57
1134055, 347, 113, -941, 12040, -2870, -420, 372, -250, -19, 985.43, 14.56
1134095, 321, 15, -932, 14070, -2100, 2100, 370, -261, -30, 985.51, 14.57
1134135, 327, -112, -869, 13160, -1330, 3220, 354, -264, -36, 985.50, 14.57
1134175, 368, -165, -868, 12180, -2170, -280, 363, -268, -39, 985.47, 14.57
1134215, 466, -47, -909, 11620, -2170, -3710, 349, -265, -34, 985.53, 14.57
1134255, 540, -69, -753, 12320, -210, -1960, 349, -268, -37, 985.49, 14.56
1134295, 556, -19, -782, 11900, 700, -3080, 349, -268, -22, 985.54, 14.56
1134335, 596, 9, -815, 11130, 980, -1890, 349, -276, -16, 985.49, 14.56
1134375, 623, -155, -818, 9450, 2240, 770, 355, -274, -27, 985.52, 14.56
1134415, 547, -215, -721, 6370, 2240, -1120, 348, -282, -25, 985.53, 14.56
1134455, 443, -209, -985, 420, 770, -2170, 327, -283, -24, 985.48, 14.56
1134495, 377, -67, -764, -6510, 1400, -2100, 321, -274, -10, 985.47, 14.55
1134535, 219, 110, -914, -9800, -2870, -1120, 333, -276, 4, 985.46, 14.55
1134575, 350, 113, -976, -8400, -2870, 2450, 342, -283, 7, 985.44, 14.55
1134615, 453, 28, -878, -7280, -280, 4060, 348, -267, 0, 985.48, 14.53
1134655, 411, 59, -973, -7490, -280, 4690, 328, -261, 3, 985.48, 14.53
1134695, 504, 96, -806, -8330, 910, 5040, 339, -271, 9, 985.47, 14.52
1134735, 561, 88, -846, -8820, 0, 6510, 334, -273, -3, 985.46, 14.52
1134775, 644, 118, -830, -8190, 2310, 7420, 324, -262, -7, 985.53, 14.52
1134815, 698, 181, -756, -6160, 7210, 7630, 324, -252, 3, 985.49, 14.52
1134855, 497, 161, -914, -3010, 7840, 8190, 337, -268, 4, 985.43, 14.52
1134895, 354, 62, -959, -490, 7140, 9380, 327, -262, -9, 985.43, 14.51
1134935, 352, -15, -1014, 490, 6860, 8330, 324, -270, -18, 985.42, 14.52
1134975, 292, -148, -973, 700, 6720, 6580, 316, -268, -27, 985.49, 14.52
1135015, 421, -114, -1032, 700, 7420, 2030, 315, -268, -16, 985.45, 14.52
1135055, 378, -36, -797, 1470, 7140, 630, 313, -267, -19, 985.46, 14.53
1135095, 512, -148, -771, 1330, 4970, 910, 331, -276, -12, 985.46, 14.53
1135135, 637, -107, -718, -840, 3850, -1540, 339, -265, -22, 985.49, 14.53
1135175, 661, -39, -766, -1820, 1960, -2940, 328, -265, -25, 985.48, 14.52
1135215, 630, -139, -785, -2310, 910, -2800, 333, -271, -25, 985.52, 14.53
1135255, 419, -149, -918, -4130, -1680, -5390, 322, -268, -34, 985.52, 14.52
1135295, 227, -164, -958, -6160, -4270, -6650, 319, -267, -18, 985.44, 14.52
1135335, 181, -43, -950, -6230, -4690, -8890, 322, -268, -9, 985.44, 14.52
1135375, 358, 26, -949, -4340, -3080, -8820, 337, -256, -6, 985.40, 14.52
1135415, 419, 127, -781, -2940, -560, -7560, 343, -262, -7, 985.40, 14.52
1135455, 474, 131, -840, -1890, -770, -1330, 327, -262, -24, 985.46, 14.52
1135495, 468, 61, -810, -3010, -1470, 490, 328, -270, -7, 985.43, 14.52
1135535, 500, 79, -741, -3920, -1610, 2310, 324, -271, -12, 985.49, 14.52
1135575, 570, 99, -889, -3290, -1470, 2520, 331, -261, -1, 985.49, 14.52
1135615, 503, 39, -868, -2310, -1050, 2870, 331, -268, -4, 985.46, 14.52
1135655, 403, 109, -878, -1820, -1470, 2730, 336, -264, 1, 985.52, 14.50
1135695, 383, 6, -934, -70, -1260, 3990, 328, -264, -3, 985.48, 14.50
1135735, 336, -72, -893, 1120, -280, 2660, 333, -253, -9, 985.44, 14.50
1135775, 368, -111, -868, 2520, 1260, -140, 324, -255, -21, 985.44, 14.50
1135815, 447, -112, -874, 5460, 1750, -4060, 322, -259, -13, 985.44, 14.50
1135855, 433, -6, -841, 9870, 1190, -7280, 327, -252, -15, 985.48, 14.50
1135895, 532, -37, -864, 12740, 490, -7140, 327, -264, -13, 985.45, 14.50
1135935, 627, -76, -687, 15260, 1540, -7350, 328, -261, -24, 985.42, 14.51
1135975, 533, -122, -880, 18200, -1260, -9380, 313, -258, -27, 985.45, 14.50
1136015, 518, -129, -909, 16590, -70, -10010, 309, -264, -30, 985.48, 14.50
1136055, 362, -124, -830, 14000, 350, -8890, 316, -267, -28, 985.49, 14.50
1136095, 260, -19, -1019, 9730, -1540, -5740, 301, -268, -25, 985.46, 14.50
1136135, 351, 160, -834, 5390, 1120, -1470, 309, -270, -24, 985.47, 14.50
1136175, 380, 175, -896, 1890, -140, 4830, 310, -270, -34, 985.49, 14.49
1136215, 503, 182, -841, -3220, 1610, 11970, 313, -274, -37, 985.48, 14.50
1136255, 454, 53, -872, -8820, 980, 17570, 327, -264, -52, 985.48, 14.50
1136295, 447, 97, -826, -15750, 420, 19880, 325, -261, -49, 985.42, 14.50
1136335, 576, 39, -789, -20020, 350, 21420, 310, -262, -28, 985.42, 14.50
1136375, 536, 90, -799, -21140, -280, 20090, 337, -255, -22, 985.40, 14.50
1136415, 459, 34, -907, -18130, -910, 16660, 337, -247, -28, 985.49, 14.50
1136455, 431, 32, -909, -13650, 630, 11410, 346, -252, -42, 985.51, 14.49
1136495, 369, -55, -930, -8120, 140, 7840, 340, -244, -48, 985.47, 14.49
1136535, 336, -142, -839, -4830, -70, 3220, 339, -238, -30, 985.44, 14.49
1136575, 342, -61, -990, -1470, -840, -2240, 339, -246, -36, 985.45, 14.48
1136615, 391, -37, -854, 2380, 840, -3990, 349, -246, -31, 985.43, 14.48
1136655, 499, -55, -839, 4060, 1680, -4830, 351, -250, -30, 985.38, 14.48
1136695, 584, -34, -745, 5460, 1540, -5040, 343, -258, -34, 985.40, 14.48
1136735, 606, -94, -834, 4900, 840, -4130, 351, -250, -36, 985.49, 14.48
1136775, 539, -68, -802, 4060, 910, -5040, 343, -241, -39, 985.46, 14.48
1136815, 438, -146, -876, 1750, 1400, -3710, 333, -246, -43, 985.48, 14.48
1136855, 330, -167, -922, -2520, -280, -4340, 342, -250, -22, 985.50, 14.48
1136895, 302, -19, -974, -4900, -490, -6160, 339, -252, -22, 985.50, 14.48
1136935, 383, 40, -892, -6440, 490, -4200, 361, -250, -13, 985.43, 14.48
1136975, 461, 137, -855, -6440, 1190, -2590, 334, -241, -34, 985.46, 14.48
1137015, 414, 78, -850, -6510, 770, 1540, 336, -252, -22, 985.44, 14.48
1137055, 465, -2, -882, -5460, 210, 1960, 346, -253, -15, 985.43, 14.48
1137095, 496, -1, -801, -6300, 210, 1610, 345, -255, -9, 985.39, 14.48
1137135, 601, 52, -787, -7840, 1050, 1750, 346, -258, -10, 985.36, 14.48
1137175, 533, 73, -928, -7280, -1050, 2450, 352, -256, -13, 985.40, 14.48
1137215, 371, 132, -955, -4900, -1190, 4690, 346, -256, -18, 985.48, 14.48
1137255, 373, -12, -925, -1890, -560, 4690, 349, -253, -10, 985.49, 14.49
1137295, 339, -197, -932, -1470, -770, 1960, 339, -244, -24, 985.50, 14.48
1137335, 400, -126, -814, 420, 280, -4130, 333, -255, -7, 985.45, 14.48
1137375, 405, -38, -878, 2800, -140, -7560, 336, -249, -13, 985.43, 14.48
1137415, 475, -14, -849, 4690, 1050, -8260, 346, -252, -7, 985.44, 14.48
1137455, 583, -87, -807, 6160, 2030, -7910, 348, -243, -18, 985.42, 14.47
1137495, 613, -99, -737, 4900, 1890, -7490, 331, -237, -27, 985.39, 14.48
1137535, 595, -43, -839, 3640, 1120, -8260, 327, -250, -27, 985.43, 14.48
1137575, 385, -106, -972, 2310, -910, -7280, 327, -253, -25, 985.50, 14.46
1137615, 292, -153, -906, 420, 1190, -7840, 327, -252, -16, 985.50, 14.46
1137655, 234, -16, -957, -910, 490, -10570, 337, -252, -19, 985.40, 14.46
1137695, 392, 135, -937, 210, -210, -9520, 327, -250, -25, 985.46, 14.46
1137735, 485, 148, -895, 3500, 840, -6930, 328, -252, -21, 985.42, 14.46
1137775, 448, 81, -806, 5250, 2660, -3360, 321, -256, -37, 985.44, 14.45
1137815, 491, 13, -857, 4270, 2660, 210, 313, -255, -36, 985.41, 14.44
1137855, 463, 11, -766, 2940, 1190, 980, 322, -253, -24, 985.37, 14.43
1137895, 571, 1, -894, 630, 700, 2100, 330, -258, -15, 985.36, 14.44
1137935, 501, 35, -865, -1960, 2380, 3010, 334, -258, -25, 985.37, 14.43
1137975, 443, 143, -882, -2730, 1820, 3780, 325, -258, -33, 985.38, 14.43
1138015, 382, 174, -908, -280, 210, 5250, 319, -255, -33, 985.39, 14.43
1138055, 319, 93, -970, 3290, -350, 6230, 321, -250, -36, 985.38, 14.42
1138095, 354, -84, -822, 6440, 770, 6510, 327, -265, -33, 985.40, 14.43
1138135, 355, -200, -936, 6020, 280, 3500, 340, -265, -33, 985.37, 14.43
1138175, 432, -111, -802, 6440, 840, -1890, 328, -262, -40, 985.36, 14.42
1138215, 468, 46, -882, 6860, -1190, -3430, 328, -270, -49, 985.44, 14.43
1138255, 581, -135, -818, 7140, 350, -420, 328, -264, -63, 985.44, 14.43
1138295, 623, -123, -735, 6370, 1120, -2940, 318, -261, -66, 985.33, 14.43
1138335, 527, -94, -841, 4060, -210, -4060, 306, -250, -51, 985.39, 14.43
1138375, 400, -123, -906, 2940, 420, -3570, 316, -265, -43, 985.38, 14.43
1138415, 291, -64, -987, 140, -210, -4340, 325, -262, -48, 985.42, 14.43
1138455, 335, 83, -874, -2170, 1470, -3710, 322, -265, -57, 985.46, 14.42
1138495, 432, 200, -900, -140, 630, -1540, 327, -268, -57, 985.38, 14.42
1138535, 439, 170, -865, 630, 840, 3710, 324, -255, -55, 985.39, 14.42
1138575, 428, -5, -894, -2030, 630, 8960, 328, -268, -51, 985.38, 14.41
1138615, 485, -18, -865, -7630, 1960, 10570, 334, -261, -39, 985.39, 14.41
1138655, 514, 56, -803, -13930, 2940, 11760, 349, -256, -45, 985.36, 14.41
1138695, 528, 171, -801, -18900, 2310, 13090, 343, -255, -40, 985.42, 14.41
1138735, 552, 250, -884, -20160, 1750, 14980, 352, -256, -45, 985.45, 14.41
1138775, 474, 127, -872, -16380, 2170, 16240, 348, -253, -57, 985.50, 14.41
1138815, 363, -98, -852, -12040, 350, 5950, 330, -243, -55, 985.44, 14.41
1138855, 367, -302, -928, -8610, -1680, -2590, 337, -244, -34, 985.40, 14.41
1138895, 350, 29, -814, -6510, -2100, -6930, 339, -250, -33, 985.45, 14.41
1138935, 439, -29, -936, -4480, -3710, -6300, 345, -250, -39, 985.45, 14.40
1138975, 513, -77, -798, -630, -2800, -7700, 334, -243, -39, 985.47, 14.39
1139015, 542, -137, -791, 3150, -1750, -11410, 325, -238, -33, 985.47, 14.39
1139055, 533, -105, -758, 6230, -2380, -14280, 324, -244, -36, 985.44, 14.39
1139095, 475, -179, -953, 9590, -3010, -16240, 327, -250, -22, 985.44, 14.39
1139135, 441, -156, -909, 10150, -700, -18690, 313, -253, -25, 985.44, 14.38
1139175, 308, -57, -800, 10850, 1400, -18620, 321, -253, -27, 985.47, 14.38
1139215, 290, 48, -1042, 11480, -1120, -16730, 309, -258, -27, 985.41, 14.38
1139255, 409, 97, -871, 14420, -700, -13720, 313, -267, -34, 985.36, 14.38
1139295, 402, 160, -902, 14770, 630, -9030, 301, -262, -34, 985.39, 14.38
1139335, 503, 118, -853, 15610, 2940, -3990, 300, -259, -25, 985.37, 14.37
1139375, 467, 94, -846, 13720, 1610, 980, 307, -271, -19, 985.47, 14.37
1139415, 522, 120, -825, 9240, 2100, 6230, 318, -274, -13, 985.44, 14.38
1139455, 605, 170, -810, 5110, 3850, 10780, 318, -276, -34, 985.41, 14.38
1139495, 462, 91, -881, 2800, 2800, 15120, 322, -280, -37, 985.40, 14.38
1139535, 409, 70, -931, 630, 3290, 16030, 318, -276, -37, 985.42, 14.37
1139575, 348, 42, -952, -1120, 2870, 16660, 307, -277, -27, 985.41, 14.38
1139615, 373, -87, -910, -2520, 2800, 17710, 322, -277, -28, 985.38, 14.37
1139655, 412, -143, -898, -3710, 2940, 13230, 321, -279, -28, 985.37, 14.37
1139695, 323, -78, -861, -2940, 2520, 8750, 325, -268, -33, 985.39, 14.38
1139735, 410, -46, -881, -560, 2030, 5530, 321, -274, -33, 985.38, 14.38
1139775, 549, -47, -786, 2590, 1540, 3150, 331, -286, -39, 985.39, 14.39
1139815, 554, -59, -837, 4480, 420, 2310, 312, -286, -40, 985.34, 14.39
1139855, 575, -100, -723, 5390, -350, 1470, 325, -291, -33, 985.32, 14.39
1139895, 469, -114, -1012, 4060, -770, 1120, 325, -280, -34, 985.36, 14.39
1139935, 324, -120, -809, 210, 1050, 1540, 336, -285, -34, 985.33, 14.39
1139975, 332, 52, -970, -3920, -350, 1890, 333, -291, -46, 985.38, 14.38
1140015, 349, 158, -827, -4620, -1190, 4690, 315, -292, -36, 985.40, 14.38
1140055, 475, 168, -884, -4340, -1050, 8120, 324, -292, -39, 985.38, 14.38
1140095, 402, 117, -852, -4760, -910, 13020, 330, -297, -34, 985.35, 14.38
1140135, 496, -28, -859, -6510, 210, 15890, 334, -292, -18, 985.37, 14.37
1140175, 494, -25, -819, -10010, -420, 15400, 345, -288, -28, 985.42, 14.38
1140215, 522, 87, -866, -13230, -140, 14420, 351, -285, -31, 985.37, 14.38
1140255, 543, 113, -887, -14420, 1680, 15400, 340, -282, -36, 985.38, 14.38
1140295, 461, 145, -803, -12180, 2520, 15330, 351, -276, -36, 985.41, 14.37
1140335, 355, 54, -896, -8400, 1120, 15400, 342, -280, -31, 985.41, 14.38
1140375, 316, -38, -886, -5320, 840, 13370, 342, -277, -24, 985.41, 14.39
1140415, 397, -198, -961, -4900, 420, 10920, 357, -279, -21, 985.41, 14.39
1140455, 418, -164, -813, -6300, 1260, 7070, 358, -276, -40, 985.42, 14.38
1140495, 382, -122, -971, -6440, -560, 700, 352, -274, -39, 985.39, 14.38
1140535, 403, -30, -795, -3150, -770, -490, 339, -288, -36, 985.43, 14.38
1140575, 585, -51, -913, -2030, -280, -210, 336, -267, -37, 985.43, 14.38
1140615, 571, -65, -708, 280, 2520, -1610, 336, -270, -24, 985.43, 14.38
1140655, 476, -49, -889, -420, 1120, -3220, 346, -268, -27, 985.42, 14.38
1140695, 394, -63, -914, -1540, 700, -2660, 337, -271, -37, 985.44, 14.37
1140735, 335, -26, -996, -5810, -350, -980, 327, -261, -33, 985.35, 14.37
1140775, 408, 160, -862, -7840, 2030, 280, 334, -261, -36, 985.33, 14.36
1140815, 418, 147, -850, -8050, 1960, 5180, 330, -261, -33, 985.36, 14.35
1140855, 367, 43, -908, -7700, 0, 8190, 328, -258, -24, 985.33, 14.35
1140895, 445, -75, -847, -8820, 1260, 9240, 340, -250, -7, 985.32, 14.34
1140935, 500, -81, -832, -12320, 1680, 7420, 349, -249, -12, 985.33, 14.34
1140975, 591, 34, -806, -16660, 2310, 6930, 358, -246, -15, 985.34, 14.34
1141015, 477, 81, -838, -18900, 770, 8330, 351, -234, -16, 985.34, 14.34
1141055, 451, 140, -897, -17780, 140, 7210, 339, -238, -18, 985.40, 14.34
1141095, 385, 75, -865, -14490, -280, 8190, 349, -234, -9, 985.40, 14.34
1141135, 340, -82, -969, -9660, -980, 4970, 346, -237, -7, 985.42, 14.35
1141175, 397, -185, -877, -6860, 280, -700, 343, -228, -7, 985.42, 14.35
1141215, 427, -133, -878, -3360, 140, -6720, 355, -226, -13, 985.43, 14.34
1141255, 405, -72, -847, 1330, -210, -11690, 337, -232, -19, 985.43, 14.34
1141295, 472, -42, -1006, 5250, -700, -12460, 345, -219, -25, 985.41, 14.34
1141335, 527, -27, -666, 9170, 2170, -12390, 334, -238, -19, 985.42, 14.33
1141375, 546, -100, -921, 10920, 1260, -12530, 340, -234, -13, 985.39, 14.33
1141415, 570, -33, -743, 10640, 2730, -12600, 343, -235, -4, 985.37, 14.33
1141455, 436, -18, -876, 7560, 840, -10430, 343, -243, -19, 985.37, 14.33
1141495, 414, -32, -935, 3150, 1190, -7070, 342, -252, -27, 985.36, 14.33
1141535, 385, -10, -920, -1050, 1400, -5180, 327, -238, -25, 985.41, 14.32
1141575, 296, 148, -913, -4200, -350, -3990, 324, -240, -24, 985.36, 14.32
1141615, 375, 178, -910, -4970, -70, 1400, 315, -244, -13, 985.39, 14.32
1141655, 381, -16, -840, -4830, 140, 5670, 325, -237, -18, 985.41, 14.31
1141695, 496, -86, -807, -7910, 1120, 5810, 331, -234, -16, 985.39, 14.30
1141735, 530, -75, -782, -9030, 350, 2800, 321, -217, -21, 985.45, 14.30
1141775, 510, -51, -877, -9520, -700, -490, 342, -216, -16, 985.38, 14.30
1141815, 547, 50, -846, -7630, 140, -3010, 336, -214, -25, 985.36, 14.31
1141855, 463, 96, -917, -3430, 840, -3920, 328, -210, -21, 985.40, 14.31
1141895, 340, 109, -873, 2170, 1050, -5110, 339, -213, -24, 985.38, 14.31
1141935, 381, 27, -950, 8050, 840, -5390, 346, -225, -16, 985.46, 14.31
1141975, 365, -67, -841, 10360, 490, -4970, 354, -231, -27, 985.40, 14.30
1142015, 503, -40, -903, 10850, 1470, -6160, 340, -238, -40, 985.32, 14.30
1142055, 402, -64, -836, 10360, 1330, -4620, 333, -244, -45, 985.31, 14.29
1142095, 470, -60, -876, 11060, 70, -7630, 325, -252, -43, 985.30, 14.30
1142135, 548, -36, -818, 5950, -560, -4480, 328, -247, -46, 985.26, 14.29
1142175, 574, -29, -732, 5040, 210, -1330, 333, -247, -45, 985.31, 14.29
1142215, 559, -59, -782, 630, 70, -1470, 327, -244, -54, 985.35, 14.29
1142255, 388, -122, -884, 420, -1050, -4760, 331, -241, -52, 985.39, 14.30
1142295, 385, -132, -954, 350, -1470, -7560, 333, -241, -57, 985.40, 14.30
1142335, 302, -107, -903, 560, -560, -9380, 331, -243, -52, 985.41, 14.30
1142375, 359, 29, -858, 1050, -910, -9310, 328, -249, -39, 985.38, 14.29
1142415, 424, 114, -925, 1750, -560, -6790, 331, -238, -30, 985.40, 14.29
1142455, 412, 79, -847, 2450, 420, -3850, 343, -252, -30, 985.37, 14.30
1142495, 475, 197, -862, 2870, -140, -1470, 342, -247, -36, 985.41, 14.30
1142535, 511, 102, -773, 4550, -280, 2800, 321, -235, -45, 985.37, 14.30
1142575, 592, 19, -850, 5530, -560, 2660, 324, -256, -36, 985.31, 14.30
1142615, 596, 20, -780, 4060, -210, 3290, 319, -250, -13, 985.40, 14.29
1142655, 557, 14, -817, 1190, 210, 4970, 324, -253, -21, 985.35, 14.29
1142695, 466, 221, -851, -3780, 630, 6860, 337, -258, -21, 985.37, 14.30
1142735, 366, 234, -924, -6650, 350, 12810, 334, -252, -30, 985.42, 14.30
1142775, 254, 26, -1030, -6930, 350, 16310, 339, -255, -22, 985.37, 14.31
1142815, 361, -79, -801, -8960, 1260, 15120, 336, -252, -33, 985.36, 14.31
1142855, 338, -251, -945, -9170, -560, 10290, 316, -244, -28, 985.40, 14.31
1142895, 446, -166, -797, -6650, 1190, 350, 324, -246, -22, 985.42, 14.32
1142935, 410, -79, -965, -2590, 140, -4830, 337, -249, -19, 985.38, 14.32
1142975, 487, 25, -819, 980, 1400, -7140, 334, -250, -28, 985.35, 14.32
1143015, 572, -30, -760, 3710, 1260, -6790, 337, -243, -34, 985.34, 14.33
1143055, 553, -122, -815, 5110, -700, -6930, 316, -235, -36, 985.35, 14.32
1143095, 590, -70, -799, 5180, -140, -9450, 318, -250, -36, 985.33, 14.32
1143135, 473, -232, -894, 4060, -280, -8330, 319, -247, -25, 985.31, 14.32
1143175, 397, -203, -828, 210, 490, -10220, 324, -247, -21, 985.30, 14.33
1143215, 276, 10, -856, -3220, -1610, -11270, 315, -243, -21, 985.35, 14.32
1143255, 332, 153, -941, -1750, -4340, -9240, 315, -238, -28, 985.29, 14.32
1143295, 437, 25, -1059, 2870, -2310, -6440, 321, -247, -33, 985.36, 14.32
1143335, 408, -12, -780, 6440, 2030, -5810, 301, -246, -30, 985.36, 14.32
1143375, 451, 132, -919, 9380, 840, -6650, 307, -255, -27, 985.33, 14.32
1143415, 517, 119, -831, 12320, 1050, -4060, 300, -246, -30, 985.37, 14.32
1143455, 652, -17, -771, 15190, 3150, -280, 322, -261, -33, 985.32, 14.32
1143495, 671, 91, -736, 14630, 5670, 140, 324, -259, -42, 985.32, 14.33
1143535, 569, 165, -904, 14490, 4480, 2730, 324, -262, -45, 985.38, 14.33
1143575, 427, 162, -947, 13440, 4480, 8400, 316, -271, -45, 985.33, 14.33
1143615, 298, 144, -933, 12040, 4060, 13860, 321, -280, -39, 985.37, 14.33
1143655, 263, -66, -990, 9170, 3080, 18200, 319, -279, -39, 985.34, 14.31
1143695, 290, -66, -842, 5600, 3290, 15890, 328, -283, -39, 985.37, 14.31
1143735, 371, -22, -888, 4060, 2030, 13300, 313, -285, -48, 985.37, 14.31
1143775, 441, 89, -904, 910, 630, 14210, 333, -291, -49, 985.37, 14.30
1143815, 541, 29, -820, -1470, 770, 18480, 322, -283, -54, 985.37, 14.30
1143855, 557, -49, -812, -5670, 700, 19810, 324, -277, -40, 985.35, 14.30
1143895, 606, -143, -696, -10150, -1330, 13580, 328, -277, -34, 985.39, 14.30
1143935, 476, -202, -800, -12390, 840, 7770, 349, -283, -34, 985.35, 14.30
1143975, 272, -223, -947, -14490, -280, 4270, 343, -271, -40, 985.35, 14.30
1144015, 333, -150, -906, -19110, -770, 1750, 327, -271, -33, 985.36, 14.29
1144055, 363, 110, -873, -21560, -980, 1540, 328, -274, -25, 985.32, 14.29
1144095, 444, 221, -848, -21980, -490, 5110, 334, -265, -25, 985.38, 14.29
1144135, 481, 200, -858, -20580, 1400, 9030, 342, -258, -22, 985.37, 14.28
1144175, 428, -82, -881, -15960, 490, 10010, 348, -256, -9, 985.37, 14.28
1144215, 512, -64, -810, -13510, 910, 3990, 351, -255, -21, 985.35, 14.28
1144255, 536, -9, -818, -9660, 350, -70, 346, -250, -19, 985.33, 14.28
1144295, 526, 81, -870, -5320, -210, -1890, 343, -250, -30, 985.31, 14.28
1144335, 535, 53, -749, 630, 910, -2870, 345, -250, -30, 985.31, 14.28
1144375, 386, 109, -954, 3710, -420, -2520, 340, -253, -18, 985.36, 14.29
1144415, 375, 63, -961, 7210, -210, 630, 360, -256, -25, 985.36, 14.28
1144455, 381, -24, -894, 6860, 1680, 2310, 351, -264, -33, 985.35, 14.28
1144495, 340, -38, -867, 4900, 1330, 3570, 340, -259, -52, 985.34, 14.28
1144535, 378, -86, -908, 1470, 980, 3500, 345, -261, -54, 985.33, 14.28
1144575, 316, 13, -915, -1750, -630, 2870, 319, -262, -40, 985.31, 14.27
1144615, 459, -33, -869, -4410, 1540, 5950, 333, -250, -36, 985.34, 14.26
1144655, 512, -22, -779, -8400, 2520, 6370, 324, -243, -42, 985.32, 14.26
1144695, 556, -18, -804, -11760, 350, 7910, 327, -235, -52, 985.34, 14.26
1144735, 602, -180, -879, -15260, 140, 7280, 336, -220, -45, 985.41, 14.26
1144775, 513, -165, -839, -16870, 910, 1330, 334, -208, -46, 985.33, 14.26
1144815, 356, -147, -863, -15330, 840, -4620, 324, -208, -27, 985.34, 14.26
1144855, 310, -150, -897, -12180, -210, -9520, 340, -208, -16, 985.28, 14.26
1144895, 283, -21, -1003, -7910, -840, -13720, 346, -216, -9, 985.36, 14.26
1144935, 402, 37, -822, -3570, 1260, -13720, 340, -222, -13, 985.33, 14.26
1144975, 418, 128, -876, 210, 910, -13160, 325, -217, -22, 985.36, 14.26
1145015, 413, -22, -870, 5250, -1190, -10080, 333, -211, -16, 985.34, 14.27
1145055, 512, -22, -863, 7210, -1260, -10360, 316, -223, -12, 985.35, 14.28
1145095, 545, 71, -869, 4900, 490, -9170, 334, -234, -16, 985.38, 14.28
1145135, 549, 161, -719, 3010, 1680, -5320, 337, -225, -10, 985.31, 14.27
1145175, 416, 157, -905, -560, -980, 630, 334, -222, -18, 985.33, 14.28
1145215, 472, 70, -915, -3080, 280, 6020, 327, -213, -28, 985.31, 14.28
1145255, 394, 110, -860, -3850, 1540, 6090, 328, -219, -22, 985.32, 14.27
1145295, 393, -73, -974, -4410, 980, 7280, 319, -211, -27, 985.38, 14.27
1145335, 368, -134, -821, -3220, 1610, 2940, 315, -205, -15, 985.33, 14.28
1145375, 341, -158, -926, -210, 280, -2450, 322, -204, -13, 985.35, 14.27
1145415, 440, -121, -880, 3710, 2030, -8610, 319, -205, -13, 985.37, 14.28
1145455, 436, -27, -873, 9940, 1960, -13020, 319, -201, -27, 985.36, 14.27
1145495, 458, -32, -856, 15190, 700, -12740, 319, -211, -30, 985.35, 14.28
1145535, 501, -50, -901, 19600, 420, -13650, 325, -220, -39, 985.31, 14.28
1145575, 545, -40, -760, 19390, 910, -8750, 325, -226, -30, 985.36, 14.27
1145615, 429, -103, -888, 14630, 0, -7280, 318, -240, -34, 985.39, 14.27
1145655, 411, -43, -875, 9660, -700, -5460, 325, -241, -33, 985.35, 14.27
1145695, 332, 91, -924, 4480, -1330, -2310, 303, -246, -46, 985.38, 14.27
1145735, 377, 191, -865, 3990, -560, 1400, 307, -249, -40, 985.35, 14.27
1145775, 374, 156, -950, 2590, -1260, 8820, 292, -243, -48, 985.35, 14.27
1145815, 386, 128, -870, 840, -490, 12040, 286, -241, -39, 985.33, 14.28
1145855, 466, 17, -880, -1680, 350, 14840, 295, -240, -40, 985.33, 14.27
1145895, 514, -11, -706, -7070, 1400, 15470, 300, -235, -22, 985.32, 14.27
1145935, 534, 14, -858, -12040, -700, 15330, 315, -232, -34, 985.36, 14.26
1145975, 540, 56, -829, -16730, -700, 15610, 307, -219, -42, 985.40, 14.26
1146015, 448, 192, -817, -18410, -210, 15890, 310, -217, -37, 985.32, 14.26
1146055, 383, 156, -1108, -16590, -1260, 16380, 313, -216, -42, 985.28, 14.26
1146095, 416, -14, -921, -13020, 2730, 16100, 328, -211, -34, 985.26, 14.26
1146135, 426, -111, -712, -11270, 2520, 11060, 340, -213, -46, 985.25, 14.25
1146175, 388, -150, -372, -10150, -2030, 5880, 340, -198, -64, 985.28, 14.25
1146215, 243, -113, -1214, -8120, -10360, 420, 355, -201, -63, 985.34, 14.25
1146255, 367, -27, -965, -2660, -4900, -4130, 370, -204, -70, 985.36, 14.25
1146295, 413, -68, -1082, 910, -490, -5390, 390, -213, -64, 985.27, 14.26
1146335, 437, -162, -851, 4620, -1190, -6930, 393, -229, -45, 985.26, 14.25
1146375, 479, -63, -1166, 6160, -2660, -10150, 412, -243, -16, 985.28, 14.25
1146415, 494, -81, -893, 9730, 8190, -11620, 391, -265, -4, 985.31, 14.26
1146455, 826, -125, -488, 11970, 21420, -12880, 367, -264, -10, 985.34, 14.25
1146495, 436, -110, -1240, 12950, 15330, -13160, 333, -279, -18, 985.30, 14.26
1146535, 561, -75, -490, 10640, 17710, -11970, 322, -283, -25, 985.36, 14.24
1146575, 175, 152, -782, 7000, 3990, -8190, 324, -279, -13, 985.36, 14.25
1146615, 432, 69, -1033, 6860, -2100, -700, 319, -273, -16, 985.36, 14.24
1146655, 289, 181, -851, 5040, -5880, 1050, 334, -277, -25, 985.38, 14.24
1146695, 229, 22, -1253, 4340, -10850, 7000, 331, -268, -24, 985.37, 14.25
1146735, 615, 91, -426, 1960, -3500, 9870, 342, -277, -22, 985.34, 14.24
1146775, 230, -21, -1123, 140, -14000, 11760, 342, -271, -34, 985.27, 14.24
1146815, 502, -40, -1118, -3150, -4550, 11900, 331, -268, -34, 985.33, 14.24
1146855, 843, 225, -453, -6720, 12040, 10850, 345, -270, -19, 985.33, 14.25
1146895, 419, 72, -892, -9870, 7140, 16380, 357, -267, -15, 985.39, 14.24
1146935, 483, 163, -530, -10780, 5810, 16870, 355, -271, -25, 985.39, 14.24
1146975, 215, 1, -1291, -10430, -980, 16590, 340, -270, -19, 985.30, 14.24
1147015, 374, 33, -75, -12040, 2450, 17500, 351, -264, -22, 985.27, 14.23
1147055, 264, -196, -1698, -14280, -12110, 14980, 367, -261, -7, 985.28, 14.23
1147095, 140, -179, -735, -12390, -10920, 9870, 358, -259, -6, 985.29, 14.23
1147135, 411, -73, -1140, -12810, -7140, 2870, 366, -258, -3, 985.36, 14.23
1147175, 364, -25, -579, -10850, -3570, -560, 381, -262, -4, 985.34, 14.22
1147215, 576, -7, -768, -10010, -4130, -840, 366, -253, 0, 985.35, 14.22
1147255, 277, -12, -1128, -4480, 10430, -2380, 367, -253, -1, 985.39, 14.22
1147295, 947, -217, -636, -4130, 11620, -2170, 355, -246, -15, 985.35, 14.23
1147335, 418, -176, -918, -3010, 6580, -7560, 345, -250, -6, 985.35, 14.23
1147375, 193, -197, -1111, -1750, 1820, -11690, 355, -252, 6, 985.31, 14.23
1147415, 453, -120, -953, -2940, 4130, -16240, 346, -250, -1, 985.28, 14.22
1147455, 436, 128, -744, -1890, 8890, -16170, 343, -250, -9, 985.32, 14.23
1147495, 360, 234, -985, 910, 5180, -10570, 324, -241, -13, 985.33, 14.22
1147535, 358, 89, -875, 3850, 980, -4900, 331, -244, -7, 985.34, 14.21
1147575, 422, 57, -763, 2100, -2030, -980, 325, -252, -4, 985.29, 14.21
1147615, 503, 33, -916, -490, -2380, 1190, 330, -246, -6, 985.31, 14.21
1147655, 493, 21, -710, -4060, -1750, 2170, 339, -246, -3, 985.34, 14.21
1147695, 475, 95, -989, -6860, -3360, 3150, 345, -243, -12, 985.34, 14.22
1147735, 533, 151, -894, -7770, -280, 5740, 331, -240, -10, 985.31, 14.22
1147775, 385, 0, -721, -6160, -1960, 7420, 346, -241, -25, 985.26, 14.22
1147815, 273, -95, -1036, -3010, -5390, 2730, 342, -231, -31, 985.28, 14.23
1147855, 476, -96, -969, 1610, 0, -3360, 334, -237, -25, 985.28, 14.22
1147895, 413, -91, -656, 6160, 4480, -7000, 342, -235, -16, 985.28, 14.22
1147935, 450, -64, -816, 7700, 2520, -8470, 349, -237, -7, 985.26, 14.22
1147975, 343, -25, -1157, 7840, -1470, -9380, 354, -243, -25, 985.25, 14.22
1148015, 324, 20, -864, 8750, 630, -7630, 345, -247, -30, 985.23, 14.23
1148055, 464, -86, -836, 7700, 3220, -5600, 340, -246, -31, 985.22, 14.23
1148095, 530, -48, -700, 6020, 2660, -5880, 337, -249, -27, 985.21, 14.23
1148135, 443, -64, -953, 3430, -3990, -4620, 339, -255, -10, 985.21, 14.24
1148175, 498, -5, -722, 2380, -1470, -3990, 339, -258, -15, 985.22, 14.24
1148215, 520, -130, -843, 910, 560, -2730, 336, -258, -21, 985.24, 14.24
1148255, 383, -50, -967, -1680, -2660, -4690, 327, -243, -27, 985.20, 14.23
1148295, 386, -143, -1029, -3500, -3150, -5110, 337, -253, -19, 985.20, 14.23
1148335, 362, 43, -736, -3500, -1960, -9100, 328, -241, -34, 985.27, 14.23
1148375, 287, 32, -1000, -3920, -700, -6020, 324, -243, -16, 985.31, 14.22
1148415, 455, 80, -832, -2800, 2450, -5390, 325, -247, -13, 985.29, 14.22
1148455, 337, 181, -714, -980, 980, -2870, 331, -249, -15, 985.28, 14.22
1148495, 462, -91, -1236, -350, -770, 700, 342, -258, -16, 985.31, 14.22
1148535, 580, 75, -510, -1120, 5880, -1470, 328, -249, -21, 985.30, 14.21
1148575, 452, -18, -1033, 910, 0, -1610, 318, -243, -24, 985.28, 14.21
1148615, 565, 41, -815, 2590, 2380, -3850, 321, -258, -15, 985.27, 14.21
1148655, 477, 37, -847, 4690, 1540, -2800, 324, -262, -18, 985.29, 14.20
1148695, 330, 15, -1026, 5600, 630, -1540, 319, -258, -19, 985.31, 14.20
1148735, 544, 106, -635, 6230, 5460, -2240, 319, -252, -10, 985.25, 14.20
1148775, 240, -4, -1039, 6650, -2660, 980, 321, -250, -27, 985.26, 14.19
1148815, 503, -42, -875, 5880, 560, 1960, 316, -253, -24, 985.27, 14.19
1148855, 438, -131, -935, 5250, 2870, 1400, 312, -259, -31, 985.27, 14.20
1148895, 256, -133, -926, 3500, -70, -1260, 313, -258, -27, 985.32, 14.20
1148935, 459, 47, -761, 5670, -4760, -2800, 315, -273, -22, 985.35, 14.20
1148975, 317, 72, -796, 8890, -1680, -1330, 313, -267, -25, 985.26, 14.20
1149015, 523, -1, -941, 9030, 140, 210, 328, -268, -33, 985.26, 14.20
1149055, 540, -74, -723, 8050, 2520, 1260, 324, -259, -40, 985.28, 14.20
1149095, 387, -82, -862, 6930, 560, 490, 319, -256, -37, 985.30, 14.21
1149135, 419, -68, -920, 3990, 140, 840, 309, -258, -43, 985.30, 14.21
1149175, 402, -54, -910, 2170, 770, 350, 310, -265, -34, 985.31, 14.21
1149215, 354, 5, -900, 980, 1190, -280, 301, -262, -28, 985.32, 14.23
1149255, 414, 105, -806, 1610, 1050, 140, 322, -270, -28, 985.33, 14.22
1149295, 372, 123, -941, 3080, -2520, 3640, 324, -267, -37, 985.31, 14.22
1149335, 444, 21, -873, 2800, -980, 8470, 327, -271, -31, 985.31, 14.22
1149375, 494, -74, -868, 140, 840, 10500, 322, -265, -37, 985.29, 14.22
1149415, 449, -35, -830, -3710, 1190, 9030, 321, -261, -43, 985.30, 14.22
1149455, 481, 45, -879, -7280, 1330, 8260, 316, -273, -25, 985.26, 14.22
1149495, 509, 200, -881, -9940, 1890, 11410, 328, -265, -24, 985.26, 14.22
1149535, 570, 157, -762, -12250, 2380, 17780, 336, -267, -18, 985.29, 14.23
1149575, 507, 79, -878, -13020, 2730, 17430, 343, -270, -33, 985.29, 14.23
1149615, 418, 31, -874, -11480, 2660, 15540, 330, -259, -33, 985.29, 14.23
1149655, 390, -48, -909, -9660, 1750, 13580, 333, -265, -28, 985.30, 14.23
1149695, 368, -95, -881, -8960, 210, 10220, 337, -270, -22, 985.32, 14.23
1149735, 401, -193, -934, -8610, -350, 5180, 337, -267, -9, 985.30, 14.23
1149775, 378, 111, -870, -9030, 70, 420, 327, -252, -12, 985.29, 14.22
1149815, 393, 114, -932, -10360, 1260, 5740, 345, -261, -15, 985.30, 14.21
1149855, 439, 8, -790, -10640, 2380, 7910, 343, -255, -21, 985.28, 14.21
1149895, 388, -99, -868, -10990, -490, 6510, 349, -252, -15, 985.32, 14.20
1149935, 516, -164, -831, -10570, -140, 2730, 328, -253, -24, 985.25, 14.21
1149975, 538, -198, -836, -7210, 980, -2730, 334, -253, -27, 985.27, 14.21
1150015, 473, -186, -781, -3150, 140, -9030, 330, -259, -22, 985.28, 14.21
1150055, 420, -143, -974, 0, -1680, -14000, 324, -249, -10, 985.30, 14.21
1150095, 348, -213, -916, 2310, -1470, -16310, 327, -256, -12, 985.26, 14.21
1150135, 356, -109, -948, 3010, 350, -19740, 319, -252, -22, 985.26, 14.20
1150175, 418, 29, -808, 4130, 1750, -19040, 310, -250, -28, 985.27, 14.21
1150215, 427, 189, -929, 6300, 700, -16450, 306, -252, -19, 985.30, 14.20
1150255, 396, 239, -863, 6300, 910, -8960, 310, -243, -19, 985.31, 14.21
1150295, 447, -27, -890, 6300, 2170, -700, 313, -241, -21, 985.31, 14.21
1150335, 437, 28, -800, 3780, 2660, -980, 307, -250, -33, 985.25, 14.22
1150375, 463, 18, -823, 3360, 700, 420, 310, -246, -31, 985.29, 14.23
1150415, 519, 45, -823, 3920, -980, 70, 309, -243, -25, 985.30, 14.23
1150455, 446, 81, -949, 5110, -2450, -140, 307, -241, -48, 985.24, 14.23
1150495, 558, 71, -782, 6860, 280, 1050, 304, -250, -43, 985.30, 14.23
1150535, 409, 85, -906, 7910, -70, 2590, 307, -250, -36, 985.25, 14.23
1150575, 389, 109, -844, 8190, -560, 5530, 315, -255, -33, 985.28, 14.23
1150615, 395, 13, -952, 6720, 1750, 9520, 325, -246, -36, 985.25, 14.23
1150655, 388, -38, -883, -630, 2310, 8960, 328, -258, -34, 985.28, 14.23
1150695, 347, 3, -923, -3780, 910, 9030, 321, -246, -42, 985.27, 14.23
1150735, 391, 48, -951, -5390, 70, 9660, 319, -249, -45, 985.33, 14.23
1150775, 454, -9, -802, -6230, 1470, 10430, 322, -249, -37, 985.28, 14.23
1150815, 450, -95, -875, -6160, 910, 10500, 327, -244, -36, 985.27, 14.23
1150855, 555, -185, -769, -5460, 1820, 6650, 345, -250, -33, 985.25, 14.24
1150895, 523, -168, -795, -3990, -280, -210, 345, -250, -37, 985.27, 14.23
1150935, 509, -152, -898, -3080, -490, -4200, 342, -262, -42, 985.26, 14.24
1150975, 416, -165, -909, -2730, 630, -6510, 345, -247, -34, 985.26, 14.25
1151015, 367, -140, -919, -2870, 1260, -8890, 324, -243, -36, 985.29, 14.25
1151055, 332, -44, -883, -3640, 490, -9240, 331, -252, -34, 985.30, 14.24
1151095, 370, 111, -815, -3150, 490, -8330, 325, -249, -24, 985.27, 14.24
1151135, 381, 118, -968, -1190, 70, -5250, 334, -247, -30, 985.31, 14.24
1151175, 377, 144, -865, -1400, 1400, -1400, 336, -258, -22, 985.28, 14.24
1151215, 450, 119, -876, -3150, 1330, 3640, 340, -241, -33, 985.22, 14.24
1151255, 511, 4, -862, -4690, 70, 7210, 328, -244, -37, 985.26, 14.24
1151295, 607, 46, -792, -6720, 350, 6090, 343, -243, -30, 985.27, 14.25
1151335, 538, 142, -837, -8330, -350, 6580, 319, -241, -24, 985.25, 14.25
1151375, 561, 63, -841, -7140, 1330, 8470, 343, -241, -7, 985.19, 14.25
1151415, 477, 82, -784, -5880, 2240, 7420, 345, -246, -6, 985.26, 14.25
1151455, 379, 22, -886, -3570, 910, 6650, 348, -258, -21, 985.32, 14.25
1151495, 410, 33, -881, -1470, 560, 5320, 339, -243, -22, 985.27, 14.25
1151535, 314, -90, -963, -350, -1260, 4410, 337, -241, -21, 985.30, 14.24
1151575, 409, -44, -892, 210, 140, 1400, 327, -237, -28, 985.27, 14.24
1151615, 364, -77, -869, 1050, 490, 140, 339, -244, -21, 985.26, 14.24
1151655, 348, -76, -870, 1120, -1050, -1750, 327, -247, -21, 985.24, 14.24
1151695, 466, -30, -928, 1400, -840, -2240, 342, -253, -13, 985.24, 14.24
1151735, 485, -51, -747, 1330, 770, -2240, 342, -247, -16, 985.24, 14.23
1151775, 500, -91, -829, 420, 0, -2730, 339, -252, -28, 985.29, 14.23
1151815, 510, -60, -848, 560, -70, -3220, 333, -252, -30, 985.24, 14.24
1151855, 470, -127, -866, 1540, -210, -4200, 328, -249, -30, 985.26, 14.24
1151895, 471, -158, -937, 910, -700, -7210, 324, -255, -27, 985.22, 14.25
1151935, 440, -112, -869, 350, 1120, -8750, 336, -243, -25, 985.23, 14.27
1151975, 420, -55, -850, -840, 980, -10290, 339, -253, -13, 985.21, 14.27
1152015, 341, 149, -867, -140, 140, -9940, 334, -252, -16, 985.20, 14.27
1152055, 479, 153, -853, 1400, 1680, -5390, 324, -250, -25, 985.23, 14.27
1152095, 371, 116, -942, 3290, 1190, -2450, 328, -256, -25, 985.22, 14.27
1152135, 392, 47, -895, 2380, 1680, 1750, 318, -258, -34, 985.22, 14.27
1152175, 366, 2, -871, -1050, -420, 4550, 324, -255, -19, 985.22, 14.27
1152215, 478, 29, -894, -4830, -210, 5250, 330, -256, -16, 985.25, 14.27
1152255, 511, 46, -788, -8820, 1190, 7000, 342, -255, -3, 985.25, 14.27
1152295, 542, 70, -828, -11900, 1260, 7770, 334, -249, -13, 985.24, 14.27
1152335, 534, 115, -876, -12320, 1890, 9520, 339, -243, -31, 985.22, 14.27
1152375, 395, 55, -943, -9730, 1610, 5950, 336, -253, -10, 985.26, 14.27
1152415, 419, -25, -897, -6090, 2240, 3430, 330, -237, -15, 985.24, 14.27
1152455, 384, -145, -793, -2520, 1890, 70, 321, -243, -15, 985.30, 14.27
1152495, 376, -169, -688, 140, -280, -5040, 321, -247, -4, 985.24, 14.27
1152535, 333, -87, -1081, 2030, -4340, -8680, 331, -244, -9, 985.22, 14.25
1152575, 359, -30, -937, 5250, -1330, -11200, 325, -240, -18, 985.27, 14.26
1152615, 403, -27, -1002, 8120, -1260, -12040, 325, -244, -15, 985.28, 14.25
1152655, 477, -72, -639, 11200, -1190, -12040, 310, -253, -21, 985.22, 14.24
1152695, 463, -48, -869, 14070, -5320, -11970, 315, -249, -24, 985.25, 14.24
1152735, 419, -50, -959, 17780, -4200, -13370, 313, -261, -19, 985.29, 14.23
1152775, 635, -140, -634, 21630, 4060, -13300, 309, -253, -19, 985.30, 14.23
1152815, 474, -233, -545, 22470, 3150, -13580, 318, -267, -19, 985.24, 14.23
1152855, 393, -170, -1243, 19250, -7490, -14630, 319, -274, -40, 985.25, 14.23
1152895, 227, -126, -1020, 15680, -7070, -14210, 310, -273, -42, 985.26, 14.24
1152935, 445, 189, -974, 11690, -1120, -12250, 297, -279, -34, 985.29, 14.24
1152975, 371, 296, -818, 11200, 2450, -1960, 304, -276, -40, 985.23, 14.24
1153015, 489, 257, -828, 9240, 1120, 6650, 315, -286, -31, 985.20, 14.25
1153055, 220, 84, -876, 6020, -3010, 15260, 307, -286, -30, 985.26, 14.25
1153095, 559, -17, -868, 70, 6860, 17360, 316, -279, -36, 985.30, 14.26
1153135, 585, 69, -756, -6300, 9310, 18340, 304, -288, -33, 985.26, 14.26
1153175, 467, 72, -790, -11340, 2380, 21490, 316, -286, -39, 985.22, 14.26
1153215, 532, 85, -1075, -14840, 70, 22120, 316, -279, -40, 985.22, 14.27
1153255, 639, 173, -930, -16100, 3080, 21910, 319, -273, -31, 985.26, 14.26
1153295, 350, 187, -713, -14770, 3920, 22330, 315, -274, -30, 985.26, 14.24
1153335, 423, 105, -1051, -11340, 2170, 20720, 337, -279, -24, 985.26, 14.24
1153375, 397, -3, -713, -6720, 3710, 19460, 333, -277, -27, 985.24, 14.24
1153415, 406, -94, -973, -5670, 1680, 17500, 343, -279, -36, 985.22, 14.24
1153455, 516, -183, -947, -4760, 5670, 13510, 325, -277, -34, 985.19, 14.25
1153495, 311, -125, -704, -5600, 4760, 7840, 333, -279, -31, 985.22, 14.24
1153535, 255, 38, -1097, -5040, -2100, 4480, 337, -267, -19, 985.21, 14.24
1153575, 355, 8, -859, -3220, 560, 5670, 328, -274, -18, 985.22, 14.25
1153615, 496, -134, -796, -3360, 1050, 6440, 339, -276, -15, 985.22, 14.25
1153655, 526, -109, -797, -6230, -420, 5530, 340, -273, -27, 985.21, 14.25
1153695, 614, -76, -807, -8820, 700, 4900, 337, -261, -15, 985.21, 14.25
1153735, 491, -83, -900, -9240, -1960, 2380, 340, -273, -27, 985.28, 14.26
1153775, 507, -100, -837, -8820, -1260, 630, 334, -264, -27, 985.30, 14.25
1153815, 356, -187, -851, -8260, -280, -770, 325, -261, -19, 985.23, 14.26
1153855, 303, -83, -902, -8960, -280, -4970, 333, -264, -16, 985.28, 14.25
1153895, 352, 28, -904, -8050, -140, -5810, 337, -264, -9, 985.30, 14.24
1153935, 401, 91, -891, -6300, 280, -4200, 343, -252, -10, 985.25, 14.23
1153975, 392, 112, -918, -4970, 560, 1750, 345, -252, -18, 985.28, 14.23
1154015, 374, 46, -932, -7910, 140, 2170, 333, -250, -13, 985.29, 14.24
1154055, 500, 148, -809, -10150, 420, 5950, 334, -244, -9, 985.30, 14.25
1154095, 530, 61, -819, -11270, 630, 9730, 339, -252, -4, 985.29, 14.24
1154135, 561, 64, -747, -12460, 1330, 9450, 352, -249, 0, 985.26, 14.25
1154175, 527, 1, -842, -11970, 210, 7840, 348, -247, 0, 985.23, 14.25
1154215, 469, 34, -857, -9730, 0, 5250, 351, -240, -4, 985.20, 14.25
1154255, 361, 10, -992, -6510, -1120, 2590, 339, -235, 1, 985.19, 14.26
1154295, 395, -26, -914, -1540, 0, 70, 352, -237, -9, 985.20, 14.26
1154335, 401, -77, -913, 1960, 350, -2170, 336, -240, -15, 985.25, 14.25
1154375, 373, -142, -878, 4830, 630, -5040, 339, -247, 1, 985.26, 14.25
1154415, 375, -65, -927, 6860, 1540, -7770, 349, -238, -4, 985.23, 14.25
1154455, 359, 42, -825, 8330, 2380, -8260, 349, -252, 9, 985.29, 14.25
1154495, 401, -22, -899, 9590, 1960, -6370, 342, -249, -9, 985.26, 14.26
1154535, 500, -105, -796, 10080, 1260, -5950, 336, -249, -22, 985.25, 14.26
1154575, 558, -110, -844, 8820, 280, -6790, 327, -253, -18, 985.21, 14.26
1154615, 562, -56, -807, 6790, -70, -6720, 330, -252, -3, 985.23, 14.26
1154655, 487, -147, -920, 4830, -560, -4620, 330, -255, -9, 985.22, 14.26
1154695, 412, -169, -849, 350, -70, -4620, 340, -258, -4, 985.22, 14.26
1154735, 310, -62, -917, -3780, -700, -5530, 337, -256, -9, 985.23, 14.25
1154775, 370, 13, -879, -6020, 70, -5110, 333, -247, -7, 985.21, 14.25
1154815, 412, 42, -943, -5040, 70, -5040, 337, -255, -9, 985.23, 14.24
1154855, 464, 143, -829, -2870, 1540, -4970, 333, -253, -9, 985.23, 14.23
1154895, 397, 140, -880, 280, 980, -1890, 330, -255, -10, 985.16, 14.23
1154935, 340, 19, -899, 1610, 280, 1750, 322, -246, -6, 985.16, 14.22
1154975, 393, -35, -876, 980, -140, 1190, 333, -256, 0, 985.19, 14.22
1155015, 440, 57, -871, -1540, -280, 1820, 334, -256, 1, 985.22, 14.22
1155055, 580, 70, -886, -2940, 1120, 3290, 340, -253, -15, 985.29, 14.22
1155095, 574, 164, -686, -2380, 1190, 4620, 325, -249, -15, 985.32, 14.23
1155135, 526, 121, -927, -1260, -1400, 6300, 319, -261, -15, 985.29, 14.22
1155175, 442, 106, -861, 280, 280, 6930, 324, -253, -3, 985.28, 14.20
1155215, 362, 71, -905, 1400, 420, 7770, 327, -252, -6, 985.26, 14.21
1155255, 372, 34, -937, 1120, 630, 8540, 331, -267, -3, 985.23, 14.21
1155295, 423, -40, -816, -630, 1610, 9240, 342, -255, -13, 985.22, 14.21
1155335, 361, -49, -949, -3920, -1050, 8890, 327, -253, -16, 985.21, 14.21
1155375, 392, -68, -921, -5180, 490, 7910, 336, -252, -19, 985.22, 14.21
1155415, 376, -75, -810, -5390, 1680, 5250, 339, -253, -25, 985.21, 14.21
1155455, 371, -127, -955, -2730, -280, 1960, 324, -250, -24, 985.15, 14.21
1155495, 492, -128, -818, 840, 1120, -3220, 322, -247, -12, 985.23, 14.20
1155535, 514, -79, -793, 2590, 490, -6440, 327, -243, -9, 985.22, 14.18
1155575, 537, 2, -926, 4270, -350, -7350, 340, -243, -18, 985.21, 14.19
1155615, 584, -108, -759, 4130, 2380, -5950, 325, -250, -15, 985.28, 14.19
1155655, 397, -128, -929, 1400, 560, -5110, 339, -252, -15, 985.20, 14.20
1155695, 357, -83, -844, -9170, 70, -3080, 327, -244, -10, 985.21, 14.20
1155735, 352, 58, -937, -10920, -490, -1540, 333, -249, -6, 985.20, 14.21
1155775, 400, 129, -826, -10150, 1540, -770, 333, -238, 7, 985.15, 14.21
1155815, 393, 118, -927, -6160, 910, -700, 342, -244, 1, 985.24, 14.23
1155855, 445, -62, -903, -2660, 350, 350, 343, -253, -4, 985.18, 14.23
1155895, 452, -68, -813, -700, 560, -2240, 336, -246, -7, 985.19, 14.24
1155935, 444, 0, -885, 2380, -280, -6860, 337, -255, -12, 985.25, 14.25
1155975, 485, 9, -814, 5530, 1330, -6790, 325, -247, -18, 985.26, 14.24
1156015, 499, 48, -826, 7630, 210, -6370, 316, -246, -22, 985.24, 14.25
1156055, 514, 23, -876, 9870, -210, -4760, 324, -258, -9, 985.18, 14.25
1156095, 509, -9, -839, 10570, 630, -2660, 324, -261, -10, 985.20, 14.26
1156135, 397, 57, -948, 10080, 0, -1750, 331, -264, -18, 985.26, 14.27
1156175, 435, 26, -878, 10220, 1400, 560, 313, -262, -36, 985.24, 14.27
1156215, 351, -29, -811, 9800, 700, 1890, 319, -268, -36, 985.22, 14.26
1156255, 325, -69, -929, 8750, -770, 1960, 313, -265, -37, 985.15, 14.26
1156295, 350, -31, -856, 8610, -420, 910, 315, -268, -27, 985.20, 14.27
1156335, 344, -30, -938, 7770, -980, 2170, 321, -264, -22, 985.18, 14.26
1156375, 439, 53, -875, 6230, 0, 1960, 328, -280, -22, 985.27, 14.27
1156415, 471, 90, -850, 3920, -350, 5530, 334, -274, -24, 985.23, 14.27
1156455, 450, 17, -884, 210, -1470, 10290, 324, -273, -39, 985.23, 14.28
1156495, 523, -3, -854, -3640, -140, 11830, 333, -274, -36, 985.24, 14.28
1156535, 576, -93, -800, -8610, 1540, 13580, 321, -268, -40, 985.21, 14.29
1156575, 514, -87, -831, -14280, 1610, 13020, 325, -256, -24, 985.22, 14.29
1156615, 426, -39, -874, -18480, 2240, 11900, 336, -255, -16, 985.19, 14.29
1156655, 421, -133, -931, -19110, 1960, 9940, 340, -250, -12, 985.21, 14.29
1156695, 407, -213, -882, -17640, 2170, 3220, 339, -252, -19, 985.18, 14.28
1156735, 421, -48, -859, -15540, 2520, -4970, 336, -244, -16, 985.24, 14.27
1156775, 307, 19, -871, -10570, 1190, -5950, 321, -240, -13, 985.24, 14.26
1156815, 371, 50, -862, -5250, 1050, -6930, 336, -241, -21, 985.20, 14.26
1156855, 367, -69, -975, -700, -980, -6230, 327, -240, -18, 985.22, 14.25
1156895, 454, -9, -853, 3080, -70, -8470, 330, -240, -12, 985.21, 14.25
1156935, 507, 56, -842, 7770, -70, -9800, 318, -241, -12, 985.18, 14.25
1156975, 529, 36, -806, 10640, -70, -9240, 325, -249, -18, 985.15, 14.25
1157015, 469, 81, -836, 12950, -1120, -7700, 325, -249, -22, 985.23, 14.26
1157055, 491, 198, -872, 10640, -840, -3080, 319, -246, -22, 985.20, 14.26
1157095, 452, 126, -863, 7070, -630, 4760, 327, -262, -30, 985.22, 14.28
1157135, 405, 50, -892, 3080, 70, 9590, 330, -259, -24, 985.24, 14.28
1157175, 415, 97, -888, -2520, 70, 12810, 345, -253, -15, 985.24, 14.29
1157215, 424, 2, -909, -9380, 280, 17710, 346, -246, -9, 985.17, 14.29
1157255, 388, 17, -937, -14770, 840, 17640, 354, -253, -7, 985.20, 14.29
1157295, 410, 61, -844, -16590, 2730, 16590, 357, -255, -16, 985.27, 14.30
1157335, 418, -48, -850, -15120, 2590, 13370, 349, -252, -15, 985.25, 14.29
1157375, 455, -211, -852, -6790, 1050, -280, 340, -246, -13, 985.22, 14.30
1157415, 448, -109, -833, -3640, 0, -6090, 336, -241, -13, 985.23, 14.29
1157455, 484, -66, -886, 840, 210, -8820, 339, -256, -10, 985.23, 14.29
1157495, 512, -168, -772, 4830, 490, -11970, 339, -247, -4, 985.24, 14.29
1157535, 416, -159, -943, 6370, -2100, -14840, 339, -252, -13, 985.26, 14.29
1157575, 427, -66, -831, 4830, -630, -14420, 340, -256, -12, 985.20, 14.29
1157615, 312, -14, -934, 1400, -1820, -11970, 331, -252, -15, 985.16, 14.28
1157655, 445, 135, -923, -1120, -1260, -8610, 328, -253, -27, 985.19, 14.26
1157695, 430, 89, -836, -3290, 1260, -2800, 318, -247, -24, 985.19, 14.26
1157735, 362, 73, -879, -3010, 980, -700, 319, -253, -16, 985.23, 14.27
1157775, 363, -32, -988, -3150, 70, 420, 324, -244, -10, 985.21, 14.27
1157815, 428, 5, -837, -4340, 1680, -350, 333, -246, -9, 985.19, 14.26
1157855, 456, 37, -884, -4550, 1260, -560, 337, -247, -15, 985.17, 14.26
1157895, 550, 49, -737, -3360, 2450, -210, 324, -241, -12, 985.15, 14.27
1157935, 522, 82, -851, -1260, 770, -840, 315, -243, -24, 985.13, 14.27
1157975, 554, 79, -877, 2380, -140, -980, 315, -234, -21, 985.17, 14.27
1158015, 489, 60, -858, 5530, 910, -910, 309, -244, -22, 985.18, 14.28
1158055, 407, 115, -859, 8190, 490, -980, 325, -243, -12, 985.23, 14.28
1158095, 395, 44, -897, 10080, 0, 1470, 327, -246, -15, 985.22, 14.28
1158135, 348, -9, -882, 11130, -700, 2660, 322, -237, -28, 985.19, 14.28
1158175, 374, -33, -933, 9380, -770, 2800, 328, -243, -19, 985.19, 14.28
1158215, 385, 16, -866, 7210, 840, 3150, 340, -243, -22, 985.23, 14.28
1158255, 347, 68, -934, 5600, -140, 4970, 319, -249, -33, 985.22, 14.28
1158295, 419, 36, -897, 4200, -140, 8330, 325, -253, -25, 985.21, 14.29
1158335, 447, -51, -858, 3150, 560, 8680, 339, -262, -15, 985.21, 14.28
1158375, 556, -73, -772, 1330, 1610, 8330, 349, -271, -7, 985.16, 14.29
1158415, 533, -91, -831, -350, 1260, 6790, 357, -264, -16, 985.16, 14.29
1158455, 560, -87, -823, -2030, 1680, 4970, 339, -267, -25, 985.16, 14.29
1158495, 473, -132, -821, -3500, 1120, 3710, 342, -268, -24, 985.15, 14.29
1158535, 421, -64, -932, -7210, 350, 2240, 337, -274, -24, 985.24, 14.29
1158575, 421, -97, -888, -10920, 140, 4060, 333, -276, -18, 985.27, 14.28
1158615, 394, -25, -859, -13790, -630, 2450, 339, -273, -9, 985.27, 14.29
1158655, 371, 72, -948, -14560, -350, 1400, 336, -258, -15, 985.28, 14.28
1158695, 395, 55, -821, -12530, 2030, 2100, 340, -264, -18, 985.20, 14.26
1158735, 423, 23, -924, -10500, 910, 2520, 333, -274, -4, 985.21, 14.26
1158775, 384, -24, -883, -8260, 490, 1050, 343, -268, -24, 985.19, 14.27
1158815, 452, -48, -909, -6860, 840, -1190, 334, -259, -22, 985.11, 14.26
1158855, 429, 18, -818, -6020, 910, -2800, 331, -261, -13, 985.09, 14.25
1158895, 500, 33, -842, -4970, 910, -1750, 328, -252, 0, 985.13, 14.26
1158935, 562, 31, -841, -5110, 1190, -1330, 324, -246, 0, 985.14, 14.25
1158975, 544, 36, -808, -5250, 630, 0, 343, -247, -7, 985.10, 14.25
1159015, 501, 15, -890, -4410, 630, -350, 330, -252, -10, 985.13, 14.26
1159055, 438, 78, -857, 1050, 140, -1750, 324, -250, -16, 985.17, 14.27
1159095, 338, -18, -933, 3850, -210, -3570, 325, -244, -9, 985.15, 14.27
1159135, 368, -77, -904, 5810, 490, -3360, 318, -247, -4, 985.17, 14.28
1159175, 363, -109, -886, 7420, 630, -5950, 322, -246, -4, 985.17, 14.28
1159215, 411, 25, -911, 8540, 910, -9170, 328, -247, -1, 985.20, 14.28
1159255, 465, 83, -883, 9520, 770, -7490, 331, -249, -3, 985.17, 14.28
1159295, 481, -24, -806, 10360, 840, -4060, 319, -249, -6, 985.20, 14.27
1159335, 480, -90, -793, 8330, -70, -2170, 327, -253, -9, 985.20, 14.26
1159375, 492, -50, -904, 5250, -280, -1610, 321, -256, -21, 985.19, 14.27
1159415, 540, -96, -786, 3360, 910, -980, 316, -252, -18, 985.18, 14.27
1159455, 504, -77, -674, 1400, -350, -1470, 310, -250, -10, 985.18, 14.27
1159495, 404, -105, -1012, 350, -3360, -2100, 315, -261, -7, 985.16, 14.28
1159535, 378, -143, -823, 420, -2590, -4200, 336, -258, -10, 985.13, 14.26
1159575, 348, -31, -918, 1680, -3360, -8050, 325, -261, -13, 985.15, 14.26
1159615, 303, 105, -912, 3920, -3220, -8120, 303, -259, -13, 985.14, 14.27
1159655, 422, 163, -1046, 7840, -2170, -5740, 310, -267, -25, 985.21, 14.27
1159695, 370, 204, -930, 8820, -420, -1260, 307, -267, -9, 985.21, 14.27
1159735, 365, 111, -895, 6510, 1820, 4760, 313, -268, -9, 985.20, 14.27
1159775, 450, 54, -790, 2100, 3710, 9450, 319, -261, -12, 985.22, 14.28
1159815, 492, 51, -871, -2870, 3080, 12670, 325, -268, -13, 985.20, 14.28
1159855, 541, 24, -749, -7840, 5110, 14490, 321, -267, -15, 985.20, 14.28
1159895, 538, -12, -836, -10640, 4620, 14490, 333, -267, -15, 985.17, 14.29
1159935, 560, -68, -836, -10570, 2730, 13020, 328, -259, -21, 985.13, 14.29
1159975, 468, -106, -883, -9730, -210, 10290, 313, -256, -21, 985.17, 14.30
1160015, 434, -2, -919, -5670, -1750, 4760, 330, -256, -19, 985.14, 14.29
1160055, 379, -38, -901, -280, -1540, 1050, 325, -264, -16, 985.16, 14.30
1160095, 345, -104, -849, 3080, -840, -1190, 336, -267, -12, 985.15, 14.30
1160135, 366, -56, -852, 4200, -1610, -3290, 340, -261, -15, 985.15, 14.30
1160175, 464, -101, -858, 4200, -840, -3010, 322, -265, -30, 985.08, 14.30
1160215, 502, 38, -880, 3850, 70, -4060, 315, -268, -24, 985.13, 14.30
1160255, 515, 63, -924, 3850, 210, -420, 312, -264, -15, 985.13, 14.31
1160295, 503, 55, -865, 4060, 1330, 3640, 327, -267, -21, 985.12, 14.33
1160335, 507, 29, -820, 4410, 2100, 4130, 331, -274, -15, 985.14, 14.33
1160375, 519, -67, -764, 4480, 2940, 3990, 339, -274, -21, 985.10, 14.34
1160415, 542, -82, -795, 840, 2940, 4060, 328, -277, -31, 985.14, 14.34
1160455, 501, -2, -809, -3920, 2450, 5600, 327, -274, -19, 985.12, 14.35
1160495, 455, -22, -896, -7280, 1260, 7350, 327, -274, -33, 985.12, 14.34
1160535, 338, -166, -945, -8960, 420, 7350, 313, -264, -27, 985.13, 14.35
1160575, 272, -147, -919, -7560, -560, 2100, 313, -261, -16, 985.13, 14.35
1160615, 253, -66, -1021, -5670, -2520, -2240, 328, -274, -10, 985.17, 14.34
1160655, 391, -21, -924, -4760, -490, -2870, 328, -265, -1, 985.21, 14.34
1160695, 452, 50, -794, -5180, 1960, -2170, 342, -258, -22, 985.19, 14.33
1160735, 459, 47, -771, -4340, 140, 1960, 315, -255, -15, 985.20, 14.34
1160775, 488, 6, -843, -3430, 1610, 1050, 321, -250, -10, 985.20, 14.34
1160815, 511, 98, -887, -3990, 1890, 3150, 319, -249, -19, 985.20, 14.34
1160855, 532, 49, -851, -4130, 2660, 5460, 330, -261, -10, 985.17, 14.34
1160895, 477, 56, -800, -4970, 1260, 6020, 331, -258, 0, 985.16, 14.35
1160935, 385, 144, -905, -5320, -1260, 7140, 336, -261, -7, 985.20, 14.35
1160975, 405, 82, -832, -3220, 70, 8400, 333, -249, -10, 985.13, 14.35
1161015, 342, -10, -950, -1120, -210, 8050, 339, -255, -15, 985.14, 14.36
1161055, 373, -2, -872, -1400, -490, 6650, 330, -252, -24, 985.15, 14.36
1161095, 367, 29, -901, -2520, -1960, 6300, 337, -256, -21, 985.14, 14.36
1161135, 428, 88, -853, -3710, -2030, 7140, 337, -253, -10, 985.21, 14.36
1161175, 473, 29, -960, -4200, -1330, 9870, 342, -255, -1, 985.22, 14.36
1161215, 467, -74, -806, -3360, 1750, 10080, 352, -259, -10, 985.17, 14.36
1161255, 520, -190, -793, -2590, 2590, 6300, 354, -261, -13, 985.06, 14.37
1161295, 503, -259, -843, -770, 1120, -280, 342, -255, -27, 985.18, 14.37
1161335, 556, -184, -816, 1470, 1120, -6860, 337, -249, -18, 985.14, 14.38
1161375, 463, -190, -815, 1190, 560, -8890, 328, -256, 0, 985.16, 14.39
1161415, 425, -106, -950, 70, 840, -9100, 336, -249, -3, 985.21, 14.38
1161455, 394, -95, -844, -1190, 2030, -8890, 337, -250, 4, 985.12, 14.39
1161495, 354, -2, -955, -1540, 490, -9520, 346, -246, -1, 985.17, 14.39
1161535, 419, 73, -877, 560, 910, -8540, 325, -256, -12, 985.20, 14.39
1161575, 394, 85, -927, 4270, 420, -7000, 327, -256, -16, 985.16, 14.39
1161615, 403, 88, -822, 7350, 630, -4550, 325, -262, -19, 985.16, 14.38
1161655, 374, 13, -822, 8610, -70, -1120, 322, -259, -21, 985.11, 14.39
1161695, 412, 2, -890, 7490, -1400, 770, 321, -271, -9, 985.13, 14.40
1161735, 500, 23, -861, 5250, -910, 2940, 333, -267, -9, 985.16, 14.40
1161775, 534, 93, -841, 2940, -420, 4760, 346, -265, -13, 985.16, 14.41
1161815, 557, 132, -873, 1750, -70, 7700, 336, -271, -16, 985.14, 14.41
1161855, 501, 53, -837, 1680, 70, 11340, 334, -265, -24, 985.14, 14.41
1161895, 438, 19, -847, 700, 420, 10850, 343, -277, -15, 985.15, 14.41
1161935, 388, 43, -917, -1120, 1050, 11340, 325, -270, -15, 985.25, 14.42
1161975, 337, 128, -914, -3780, 2170, 14350, 339, -273, -10, 985.16, 14.42
1162015, 310, 148, -879, -6440, 1890, 17640, 352, -268, -1, 985.16, 14.41
1162055, 390, 41, -969, -8680, 1050, 18900, 348, -265, -10, 985.12, 14.42
1162095, 487, -11, -824, -10150, 1890, 18480, 355, -270, -16, 985.10, 14.41
1162135, 488, 1, -909, -12810, 700, 17220, 363, -270, -6, 985.15, 14.41
1162175, 465, 14, -872, -16170, 1260, 17080, 349, -259, -6, 985.16, 14.41
1162215, 503, -43, -832, -19320, 2730, 18270, 354, -258, -12, 985.18, 14.42
1162255, 493, -203, -787, -20860, 2030, 15330, 354, -249, 7, 985.22, 14.43
1162295, 516, -274, -782, -20510, 1330, 7910, 363, -249, 0, 985.25, 14.43
1162335, 498, -90, -832, -19460, 630, -350, 364, -247, 4, 985.21, 14.43
1162375, 420, -157, -896, -18130, 420, -3990, 357, -238, 3, 985.13, 14.43
1162415, 426, -136, -810, -15890, -1610, -11480, 349, -232, 4, 985.14, 14.43
1162455, 297, -96, -992, -12320, -2590, -13510, 342, -226, 4, 985.14, 14.43
1162495, 383, -83, -911, -9450, -770, -13510, 336, -231, 13, 985.13, 14.44
1162535, 415, -33, -755, -6370, 280, -15120, 340, -219, 9, 985.15, 14.44
1162575, 436, 28, -869, -2870, -840, -17430, 345, -217, 13, 985.19, 14.44
1162615, 482, -28, -902, 1540, -210, -17850, 348, -225, 15, 985.19, 14.44
1162655, 407, -17, -857, 4340, 490, -19390, 346, -220, 9, 985.21, 14.43
1162695, 483, 96, -911, 7490, 1050, -18830, 337, -219, 4, 985.24, 14.42
1162735, 530, 177, -889, 8470, 1750, -14420, 328, -223, -3, 985.25, 14.43
1162775, 548, 86, -799, 10010, 1260, -8470, 328, -219, 0, 985.20, 14.44
1162815, 469, 2, -855, 11130, 1330, -7770, 330, -234, 3, 985.15, 14.43
1162855, 395, 36, -917, 10640, 2940, -7700, 322, -232, 7, 985.12, 14.42
1162895, 300, 51, -820, 8820, 3150, -6020, 340, -234, 9, 985.13, 14.43
1162935, 407, 144, -993, 6860, 1470, -4690, 331, -243, -4, 985.17, 14.43
1162975, 473, -43, -833, 5670, 1680, 420, 324, -234, -9, 985.09, 14.43
1163015, 427, 41, -968, 2380, 140, 420, 324, -229, -10, 985.14, 14.43
1163055, 375, 26, -823, -560, 1120, 2240, 324, -234, 7, 985.13, 14.43
1163095, 417, -18, -834, -2240, 1050, 2940, 334, -240, 3, 985.13, 14.42
1163135, 544, -78, -785, -3010, 840, 910, 327, -241, 1, 985.12, 14.42
1163175, 556, -192, -803, -2940, 560, -1820, 328, -229, -7, 985.10, 14.43
1163215, 583, -154, -789, -3430, 630, -6860, 324, -246, -6, 985.11, 14.42
1163255, 490, -74, -974, -4340, -350, -10290, 325, -229, -10, 985.11, 14.42
1163295, 349, -20, -867, -4410, 1540, -12040, 318, -226, -7, 985.11, 14.41
1163335, 205, 87, -917, -3990, -350, -11620, 310, -222, 0, 985.13, 14.41
1163375, 258, 144, -966, -5040, -1470, -7490, 328, -226, -1, 985.13, 14.41
1163415, 535, 107, -819, -2240, 280, -5110, 325, -237, 9, 985.13, 14.41
1163455, 534, -7, -881, 1540, 980, -6580, 330, -229, 4, 985.11, 14.41
1163495, 420, -127, -854, 5600, 2100, -10010, 310, -231, -1, 985.14, 14.41
1163535, 292, -131, -896, 7700, 490, -13720, 315, -228, -12, 985.12, 14.41
1163575, 353, -54, -999, 9100, -980, -15260, 295, -231, -6, 985.14, 14.40
1163615, 502, 20, -754, 9520, 490, -14560, 298, -240, 0, 985.17, 14.40
1163655, 595, 74, -869, 9870, 560, -12390, 306, -232, 7, 985.18, 14.41
1163695, 568, 126, -783, 6510, 1470, -8120, 319, -244, 1, 985.14, 14.41
1163735, 477, 3, -812, 3500, 490, -3220, 304, -232, -3, 985.15, 14.41
1163775, 412, 67, -944, -420, -70, -2310, 315, -234, -7, 985.15, 14.41
1163815, 336, 99, -872, -350, 1050, -1050, 300, -232, -15, 985.16, 14.41
1163855, 259, 47, -930, 3430, 560, -2310, 295, -237, -13, 985.14, 14.41
1163895, 314, 20, -929, 7070, -210, -4130, 286, -228, -9, 985.21, 14.41
1163935, 389, -57, -860, 10080, -630, -6790, 297, -252, 0, 985.14, 14.41
1163975, 434, 15, -980, 11410, -1330, -8470, 300, -255, -6, 985.11, 14.40
1164015, 480, -89, -835, 10710, 1120, -6090, 307, -255, -12, 985.10, 14.40
1164055, 523, -75, -851, 8400, 1960, -4760, 301, -252, -27, 985.10, 14.40
1164095, 458, -39, -779, 5670, 1050, -4340, 298, -256, -19, 985.11, 14.40
1164135, 508, 4, -863, 2240, 980, -3920, 283, -252, -15, 985.07, 14.41
1164175, 517, 64, -898, 2240, 1050, -2450, 298, -253, -12, 985.09, 14.41
1164215, 500, -21, -858, 1260, 2030, -2100, 292, -262, -12, 985.16, 14.41
1164255, 398, -66, -882, -700, 910, -2940, 291, -247, -22, 985.22, 14.40
1164295, 298, -93, -924, -3640, -280, -2380, 292, -252, -27, 985.18, 14.39
1164335, 298, 1, -982, -5390, -980, -3500, 289, -247, -21, 985.18, 14.39
1164375, 400, -95, -849, -6090, 210, -3570, 286, -246, -27, 985.17, 14.39
1164415, 449, -49, -825, -6650, 840, -5740, 280, -241, -16, 985.16, 14.38
1164455, 462, 85, -837, -6230, 980, -6510, 292, -243, -10, 985.17, 14.38
1164495, 429, 127, -908, -4690, 350, -6020, 292, -249, -1, 985.20, 14.37
1164535, 429, 74, -837, -2030, 560, -4970, 288, -241, -1, 985.22, 14.36
1164575, 490, 88, -958, 420, 420, -4970, 292, -249, -6, 985.22, 14.36
1164615, 528, 92, -732, 2870, 1470, -4900, 283, -244, -13, 985.18, 14.36
1164655, 522, 15, -863, 3360, -280, -4410, 277, -250, -15, 985.19, 14.36
1164695, 451, 73, -834, 2940, -420, -4060, 282, -241, -16, 985.17, 14.37
1164735, 367, -10, -929, 3220, -840, -3150, 277, -241, -7, 985.12, 14.37
1164775, 426, 2, -844, 3080, -210, -3780, 289, -252, 4, 985.13, 14.37
1164815, 440, -4, -904, 2450, -490, -3640, 291, -244, -13, 985.15, 14.36
1164855, 414, 46, -906, 1330, 280, -3430, 282, -247, -6, 985.17, 14.36
1164895, 265, -6, -940, 70, -420, -2310, 282, -252, -13, 985.17, 14.36
1164935, 375, -13, -922, -490, 490, -3290, 279, -243, -24, 985.12, 14.38
1164975, 433, -24, -814, -560, 1680, -4410, 277, -247, -22, 985.11, 14.37
1165015, 448, -53, -841, 140, 420, -5670, 267, -246, -15, 985.14, 14.37
1165055, 532, -126, -806, -140, 560, -7140, 273, -244, -13, 985.08, 14.37
1165095, 585, -132, -822, -2030, 1400, -9380, 271, -241, 0, 985.14, 14.37
1165135, 510, -111, -884, -4340, 1190, -12040, 283, -237, -16, 985.18, 14.38
1165175, 431, -180, -833, -6580, 1750, -12670, 265, -243, -25, 985.18, 14.37
1165215, 397, -164, -963, -9520, 280, -15820, 264, -229, -10, 985.25, 14.37
1165255, 356, 12, -811, -11270, 210, -18970, 253, -228, -7, 985.18, 14.37
1165295, 386, 30, -928, -10150, -140, -18130, 258, -228, 3, 985.13, 14.37
1165335, 366, 39, -863, -7420, 1120, -18690, 259, -214, 4, 985.12, 14.37
1165375, 349, 61, -882, -5740, 1190, -19040, 258, -214, 1, 985.10, 14.37
1165415, 395, -50, -975, -4900, 210, -17990, 241, -211, -4, 985.09, 14.37
1165455, 445, -42, -874, -5390, 1750, -19250, 256, -210, -6, 985.15, 14.36
1165495, 478, 38, -857, -6090, 1820, -21070, 238, -204, -13, 985.10, 14.36
1165535, 485, 23, -841, -5320, 2940, -20510, 237, -198, -12, 985.16, 14.36
1165575, 510, 39, -785, -3500, 3430, -21140, 237, -199, -3, 985.11, 14.36
1165615, 442, 5, -910, 280, 2940, -23030, 232, -193, 0, 985.14, 14.36
1165655, 410, -6, -968, 4060, 4060, -25690, 235, -201, -12, 985.17, 14.36
1165695, 481, 67, -935, 7140, 5670, -26810, 228, -193, -19, 985.15, 14.35
1165735, 402, -36, -896, 9660, 5390, -25130, 216, -192, -16, 985.14, 14.34
1165775, 425, -76, -1005, 11340, 5250, -28980, 207, -196, -18, 985.18, 14.33
1165815, 318, -34, -888, 12950, 6160, -28070, 208, -187, -15, 985.21, 14.32
1165855, 381, -8, -879, 15050, 7070, -28980, 202, -201, -10, 985.17, 14.31
1165895, 380, 8, -968, 16590, 5110, -30310, 205, -187, -19, 985.13, 14.31
1165935, 506, -56, -965, 17780, 6370, -29470, 184, -189, -21, 985.11, 14.31
1165975, 571, -78, -841, 19320, 8680, -30590, 186, -192, -33, 985.12, 14.31
1166015, 482, -39, -811, 20720, 7770, -31640, 177, -195, -39, 985.21, 14.31
1166055, 397, -95, -882, 20370, 5880, -30310, 163, -187, -36, 985.17, 14.31
1166095, 304, -110, -905, 20020, 5110, -29890, 160, -192, -31, 985.17, 14.31
1166135, 340, -76, -967, 17990, 4410, -29260, 166, -192, -37, 985.17, 14.32
1166175, 396, -6, -935, 16660, 3920, -28980, 160, -192, -39, 985.13, 14.32
1166215, 370, 102, -938, 17640, 2170, -28490, 160, -186, -51, 985.19, 14.32
1166255, 360, 10, -941, 20300, 2940, -24990, 153, -189, -54, 985.16, 14.31
1166295, 341, -27, -881, 21280, 3430, -24080, 138, -190, -63, 985.12, 14.31
1166335, 334, -8, -924, 22120, 3360, -24290, 133, -199, -46, 985.12, 14.31
1166375, 465, 26, -848, 20650, 4550, -21840, 130, -202, -49, 985.15, 14.30
1166415, 560, 103, -795, 19320, 4620, -19320, 138, -199, -48, 985.16, 14.31
1166455, 497, 208, -825, 16590, 3220, -14630, 126, -213, -58, 985.18, 14.31
1166495, 418, 197, -897, 14490, 2870, -8680, 118, -202, -61, 985.18, 14.32
1166535, 354, 143, -904, 13020, 2240, -4480, 124, -198, -73, 985.14, 14.31
1166575, 368, 116, -963, 11200, 980, -770, 117, -201, -63, 985.17, 14.32
1166615, 430, -1, -766, 8960, 1400, 1260, 124, -208, -60, 985.15, 14.32
1166655, 387, -89, -923, 4620, -350, 140, 123, -214, -67, 985.08, 14.32
1166695, 368, -38, -903, 420, 560, -1260, 132, -208, -60, 985.15, 14.32
1166735, 387, -18, -940, -2940, 2380, -2660, 132, -207, -79, 985.15, 14.32
1166775, 450, -26, -945, -3990, 4550, -4130, 123, -205, -81, 985.13, 14.32
1166815, 429, -49, -884, -3780, 5110, -6510, 111, -204, -72, 985.14, 14.31
1166855, 479, -96, -964, -2800, 4200, -9590, 114, -192, -75, 985.17, 14.31
1166895, 549, -140, -713, -140, 7700, -13160, 114, -201, -66, 985.14, 14.30
1166935, 470, -232, -451, 3570, 4900, -18970, 114, -202, -70, 985.15, 14.29
1166975, 320, -92, -976, 6160, -3640, -25060, 115, -187, -73, 985.18, 14.29
1167015, 299, -138, -978, 8470, -5740, -26390, 100, -186, -75, 985.17, 14.28
1167055, 353, -110, -969, 10150, -8050, -29330, 114, -183, -75, 985.11, 14.27
1167095, 351, 65, -1292, 11690, -7980, -28770, 93, -181, -78, 985.11, 14.27
1167135, 442, 89, -1148, 13510, -2590, -25270, 91, -183, -76, 985.11, 14.27
1167175, 301, 114, -937, 17920, 5810, -23660, 94, -181, -76, 985.19, 14.27
1167215, 456, 68, -952, 18200, 14700, -20230, 96, -187, -73, 985.21, 14.27
1167255, 525, 53, -698, 20300, 21840, -18340, 87, -186, -91, 985.19, 14.27
1167295, 466, 57, -727, 18900, 20930, -14840, 69, -187, -105, 985.16, 14.26
1167335, 659, 141, -597, 16240, 18550, -11970, 66, -183, -102, 985.17, 14.26
1167375, 452, 140, -965, 10640, 7280, -5460, 64, -198, -94, 985.15, 14.25
1167415, 458, 57, -950, 6510, -910, -560, 70, -195, -91, 985.12, 14.25
1167455, 269, 108, -950, 3710, -5950, 2310, 76, -186, -93, 985.11, 14.25
1167495, 279, 131, -1008, 2240, -7910, 3710, 85, -196, -114, 985.10, 14.24
1167535, 319, -119, -1117, 1890, -9030, 2100, 81, -195, -102, 985.06, 14.23
1167575, 541, -63, -804, 3500, -420, -2030, 82, -193, -105, 985.11, 14.25
1167615, 444, -47, -800, -70, 2590, -2870, 75, -189, -102, 985.11, 14.24
1167655, 389, -4, -900, -420, 2450, -4340, 73, -187, -103, 985.10, 14.24
1167695, 388, -23, -823, 1960, 5180, -7140, 73, -181, -100, 985.10, 14.24
1167735, 404, -72, -956, 2170, 4830, -8120, 73, -190, -93, 985.13, 14.25
1167775, 513, -169, -811, 3710, 6370, -10290, 85, -181, -100, 985.12, 14.24
1167815, 525, -82, -655, 4200, 3780, -14910, 78, -186, -112, 985.14, 14.24
1167855, 352, -68, -1124, 4900, -4340, -15820, 66, -187, -114, 985.10, 14.24
1167895, 440, -112, -951, 5880, -1960, -17500, 57, -168, -106, 985.10, 14.24
1167935, 371, -25, -942, 7350, -630, -19250, 48, -174, -103, 985.09, 14.24
1167975, 434, -3, -959, 9660, 2170, -18410, 55, -174, -102, 985.10, 14.24
1168015, 378, 15, -860, 11760, 3570, -17430, 57, -169, -100, 985.12, 14.25
1168055, 438, 99, -873, 13160, 4200, -17640, 54, -168, -109, 985.19, 14.25
1168095, 376, 50, -888, 14490, 5670, -14210, 49, -169, -114, 985.18, 14.24
1168135, 385, 14, -872, 14630, 5670, -12040, 48, -168, -124, 985.17, 14.25
1168175, 387, 51, -895, 12810, 3290, -8680, 30, -169, -127, 985.12, 14.24
1168215, 442, -16, -853, 9660, 3150, -5670, 34, -172, -121, 985.09, 14.24
1168255, 502, 70, -901, 7770, 2240, -4270, 48, -180, -108, 985.14, 14.24
1168295, 467, 30, -897, 5110, 140, -1190, 52, -180, -106, 985.13, 14.24
1168335, 456, 38, -821, 4060, 630, -700, 51, -189, -123, 985.18, 14.23
1168375, 376, 110, -875, 5040, 1120, -1680, 34, -180, -126, 985.15, 14.24
1168415, 421, 63, -899, 6580, 420, 490, 37, -174, -123, 985.20, 14.24
1168455, 449, 23, -883, 6510, 560, 1400, 36, -180, -123, 985.22, 14.23
1168495, 363, -60, -868, 5320, -770, 2310, 31, -183, -114, 985.16, 14.24
1168535, 374, -20, -923, 2380, -350, 1120, 39, -187, -120, 985.16, 14.23
1168575, 363, -1, -843, 350, 350, 420, 49, -186, -114, 985.17, 14.24
1168615, 311, -1, -905, -770, -490, 770, 45, -178, -121, 985.17, 14.24
1168655, 434, -12, -945, -1820, -70, 1400, 34, -184, -117, 985.19, 14.23
1168695, 447, -93, -840, -1960, 490, 70, 42, -181, -133, 985.18, 14.23
1168735, 492, -117, -831, -1330, -70, -2590, 34, -175, -127, 985.16, 14.22
1168775, 498, -65, -739, -420, -350, -6650, 36, -175, -130, 985.15, 14.22
1168815, 410, -58, -943, 0, -1750, -7350, 43, -171, -120, 985.15, 14.20
1168855, 429, -82, -970, 560, 140, -8120, 37, -171, -118, 985.15, 14.20
1168895, 458, -62, -892, 1610, 3500, -9940, 40, -172, -130, 985.08, 14.21
1168935, 411, -39, -783, 1330, 2520, -11340, 28, -177, -127, 985.07, 14.21
1168975, 402, -31, -968, 2450, -1400, -11340, 31, -156, -130, 985.11, 14.20
1169015, 429, 21, -825, 3290, 420, -11480, 22, -168, -132, 985.09, 14.20
1169055, 338, 16, -950, 4550, 1540, -10290, 30, -162, -115, 985.11, 14.20
1169095, 377, -30, -902, 5600, 3500, -9030, 30, -162, -115, 985.15, 14.20
1169135, 251, -20, -834, 4830, 140, -8750, 31, -160, -120, 985.13, 14.20
1169175, 404, 16, -773, 5950, -5390, -7630, 31, -160, -136, 985.08, 14.19
1169215, 521, 56, -868, 6300, -840, -7210, 25, -160, -130, 985.14, 14.19
1169255, 468, 29, -813, 4830, -1050, -4270, 33, -162, -135, 985.20, 14.18
1169295, 446, 76, -821, 5320, -2590, -4200, 25, -166, -147, 985.18, 14.19
1169335, 399, 41, -894, 5320, -4900, -1820, 24, -159, -126, 985.17, 14.18
1169375, 377, 7, -974, 4970, -4480, -910, 28, -162, -118, 985.13, 14.18
1169415, 477, 6, -879, 4760, 280, 210, 40, -163, -118, 985.14, 14.18
1169455, 422, -47, -813, 2590, 4270, 770, 45, -171, -132, 985.12, 14.19
1169495, 341, -16, -800, 1540, 1610, -140, 31, -159, -127, 985.12, 14.20
1169535, 276, 27, -1035, 350, -2380, -700, 15, -168, -132, 985.13, 14.20
1169575, 453, -26, -787, 210, 1050, -350, 24, -160, -132, 985.16, 14.20
1169615, 355, -74, -906, -490, 420, -630, 31, -160, -127, 985.17, 14.19
1169655, 423, -60, -900, -1050, -210, -1540, 27, -171, -118, 985.17, 14.19
1169695, 412, -53, -873, -1190, -560, -3780, 33, -166, -117, 985.20, 14.18
1169735, 399, -33, -914, -770, -2030, -5180, 33, -159, -127, 985.18, 14.19
1169775, 385, -16, -925, 70, -1190, -5390, 24, -162, -127, 985.16, 14.19
1169815, 426, -50, -823, 1680, 840, -6020, 30, -150, -130, 985.08, 14.18
1169855, 406, -10, -888, 2940, -1400, -7070, 30, -153, -141, 985.12, 14.18
1169895, 459, 1, -843, 3640, -770, -7210, 25, -160, -144, 985.13, 14.17
1169935, 410, -27, -836, 4130, -280, -5460, 27, -150, -120, 985.12, 14.17
1169975, 410, 2, -918, 4970, -980, -6300, 24, -156, -126, 985.12, 14.17
1170015, 420, 50, -933, 5110, -70, -6440, 39, -150, -120, 985.10, 14.17
1170055, 391, 9, -915, 6020, 630, -4410, 37, -157, -133, 985.10, 14.17
1170095, 398, -17, -896, 6370, 1260, -3780, 22, -151, -139, 985.10, 14.18
1170135, 384, 3, -842, 6930, 910, -2940, 19, -157, -130, 985.11, 14.18
1170175, 369, 17, -861, 5390, 770, -2520, 24, -154, -139, 985.16, 14.18
1170215, 432, -15, -819, 5530, 560, -1120, 25, -147, -132, 985.13, 14.18
1170255, 425, -23, -842, 4830, -1050, -700, 31, -154, -129, 985.14, 14.19
1170295, 387, -29, -882, 3220, -1190, 70, 40, -160, -124, 985.13, 14.19
1170335, 405, 27, -1065, 1610, -2100, 0, 33, -165, -127, 985.14, 14.19
1170375, 442, 34, -840, 630, 840, 1960, 31, -160, -139, 985.14, 14.20
1170415, 372, -24, -895, -210, -420, 2940, 37, -159, -121, 985.12, 14.20
1170455, 360, -5, -899, -770, -1260, 2310, 33, -165, -138, 985.19, 14.19
1170495, 404, 2, -852, -1470, 280, 2870, 21, -172, -132, 985.16, 14.19
1170535, 469, -43, -792, -2170, 2520, 3360, 22, -169, -115, 985.19, 14.19
1170575, 404, -6, -780, -3500, 1750, 2380, 28, -169, -115, 985.16, 14.19
1170615, 456, 7, -775, -4760, -280, 3010, 46, -171, -111, 985.10, 14.19
1170655, 316, -43, -1139, -5810, -5040, 2800, 39, -168, -123, 985.12, 14.20
1170695, 452, -11, -956, -4900, -560, 1470, 28, -165, -136, 985.18, 14.20
1170735, 402, -40, -844, -4200, 2100, 560, 27, -168, -126, 985.14, 14.19
1170775, 370, -31, -916, -3710, -490, -980, 21, -162, -126, 985.13, 14.20
1170815, 389, -33, -825, -2170, -840, -2520, 30, -160, -123, 985.11, 14.20
1170855, 409, 17, -840, 840, 1260, -2520, 24, -165, -118, 985.12, 14.20
1170895, 375, -16, -771, 1610, 3570, -4200, 28, -157, -123, 985.12, 14.19
1170935, 364, 1, -1003, 1470, -770, -4130, 33, -162, -127, 985.11, 14.19
1170975, 430, -3, -991, 1820, -1890, -3570, 19, -156, -121, 985.13, 14.18
1171015, 405, 15, -979, 2100, -770, -2940, 19, -162, -133, 985.14, 14.18
1171055, 319, 1, -912, 2380, 140, -2590, 18, -148, -141, 985.12, 14.18
1171095, 388, 6, -777, 2730, 840, -1960, 18, -162, -129, 985.11, 14.18
1171135, 367, -18, -749, 3220, -210, -1120, 21, -153, -123, 985.13, 14.19
1171175, 438, -28, -802, 3290, -1610, -1190, 27, -156, -112, 985.11, 14.18
1171215, 432, -31, -892, 3150, -1330, -840, 36, -162, -123, 985.13, 14.18
1171255, 495, -69, -990, 2450, -490, -1050, 40, -166, -126, 985.14, 14.18
1171295, 421, 13, -986, 2100, 1330, -2030, 25, -150, -133, 985.09, 14.19
1171335, 355, 1, -911, 1960, -210, -1120, 19, -160, -136, 985.11, 14.18
1171375, 331, 24, -887, 1470, -980, -420, 21, -157, -130, 985.15, 14.19
1171415, 329, -11, -910, 1680, -1330, 280, 31, -162, -123, 985.20, 14.19
1171455, 411, -25, -792, 2240, 1820, 840, 31, -165, -118, 985.15, 14.19
1171495, 495, -28, -783, 2030, 4480, 1470, 27, -163, -124, 985.04, 14.20
1171535, 524, -17, -796, 1260, 3850, 980, 27, -159, -133, 985.11, 14.19
1171575, 380, -25, -891, 420, -1610, 1120, 22, -165, -130, 985.07, 14.19
1171615, 344, -32, -1015, 560, -3150, 1540, 31, -162, -141, 985.07, 14.19
1171655, 351, 1, -1027, -280, -2170, 420, 24, -169, -142, 985.11, 14.19
1171695, 403, 17, -905, 350, 700, 1260, 16, -163, -138, 985.14, 14.19
1171735, 421, -8, -781, 910, 770, 2450, 15, -169, -124, 985.15, 14.20
1171775, 372, -25, -797, 980, -630, 2030, 19, -169, -118, 985.10, 14.19
1171815, 430, 34, -904, -420, -2030, 2590, 27, -159, -117, 985.09, 14.20
1171855, 444, -45, -904, 0, 140, 3780, 39, -163, -132, 985.13, 14.20
1171895, 421, -32, -787, -210, 3640, 1820, 25, -172, -135, 985.07, 14.21
1171935, 367, 19, -940, -1120, 1400, 3500, 24, -172, -139, 985.11, 14.20
1171975, 473, 6, -941, -1680, -560, 3430, 22, -169, -138, 985.13, 14.20
1172015, 355, -5, -902, -910, -1470, 3360, 30, -172, -123, 985.13, 14.20
1172055, 355, -37, -906, -420, -1190, 3920, 31, -168, -124, 985.11, 14.20
1172095, 378, -47, -845, 140, 1330, 2800, 36, -177, -133, 985.07, 14.20
1172135, 457, -31, -834, 630, 980, 1610, 33, -166, -135, 985.09, 14.21
1172175, 432, -15, -891, 980, -630, 1680, 28, -171, -127, 985.11, 14.21
1172215, 448, -65, -878, 1610, 1610, 1960, 28, -168, -147, 985.12, 14.20
1172255, 402, 5, -942, 1680, 980, 420, 15, -166, -138, 985.19, 14.21
1172295, 419, 24, -863, 1820, 1400, 1610, 25, -163, -141, 985.15, 14.20
1172335, 353, -30, -898, 2310, 770, 3290, 22, -178, -136, 985.15, 14.20
1172375, 407, 38, -898, 840, 700, 3850, 28, -177, -118, 985.10, 14.20
1172415, 381, 18, -881, -700, 1470, 5740, 31, -174, -127, 985.12, 14.20
1172455, 438, 68, -905, -3010, 1820, 8050, 45, -180, -141, 985.12, 14.20
1172495, 471, -21, -865, -3640, 2660, 10150, 25, -177, -142, 985.11, 14.20
1172535, 378, 24, -944, -5530, 2310, 10360, 24, -183, -139, 985.16, 14.20
1172575, 396, -39, -856, -5180, 1750, 7980, 31, -181, -132, 985.17, 14.21
1172615, 383, -75, -963, -4760, 700, 5950, 28, -178, -130, 985.18, 14.20
1172655, 381, -85, -730, -3780, 560, 4130, 43, -178, -127, 985.17, 14.20
1172695, 434, -50, -1014, -3290, -1470, 1610, 43, -180, -133, 985.13, 14.19
1172735, 430, 10, -855, -1960, 700, 1260, 45, -192, -141, 985.14, 14.20
1172775, 458, -7, -915, -2170, 1120, 2520, 49, -177, -135, 985.16, 14.20
1172815, 350, -15, -893, -1190, -420, 3010, 48, -186, -136, 985.15, 14.20
1172855, 412, 32, -922, -840, 700, 3220, 34, -181, -144, 985.17, 14.21
1172895, 389, -34, -785, -490, 1680, 4550, 37, -180, -138, 985.07, 14.22
1172935, 333, -22, -861, -70, -560, 4270, 45, -190, -121, 985.09, 14.23
1172975, 529, 22, -1014, -70, 2730, 4270, 46, -195, -126, 985.13, 14.23
1173015, 386, -96, -813, 210, 2660, 5180, 58, -190, -133, 985.14, 14.23
1173055, 409, -33, -880, 1820, 980, 2940, 52, -189, -153, 985.16, 14.24
1173095, 337, -81, -880, 3710, -210, 2940, 46, -193, -144, 985.16, 14.24
1173135, 364, -71, -958, 5880, -420, 910, 43, -195, -147, 985.12, 14.25
1173175, 495, -130, -827, 9170, 280, 420, 42, -202, -139, 985.12, 14.24
1173215, 365, 4, -869, 10780, -140, -1820, 46, -199, -139, 985.14, 14.25
1173255, 487, -34, -778, 13510, 1260, 70, 54, -210, -141, 985.21, 14.25
1173295, 339, -23, -806, 15330, -2100, 1260, 58, -211, -147, 985.18, 14.25
1173335, 380, -43, -992, 17850, -3500, 2520, 55, -220, -153, 985.19, 14.24
1173375, 450, -38, -798, 19460, -70, 2310, 54, -220, -151, 985.20, 14.25
1173415, 366, 70, -1113, 19880, -1330, 4760, 58, -223, -172, 985.15, 14.24
1173455, 471, 166, -731, 19950, 2590, 10710, 43, -240, -168, 985.15, 14.24
1173495, 352, 69, -986, 16170, 2100, 17710, 48, -247, -165, 985.13, 14.24
1173535, 390, 58, -867, 14560, 2590, 23520, 61, -252, -163, 985.16, 14.25
1173575, 388, -29, -780, 10500, 5320, 27300, 79, -276, -172, 985.15, 14.24
1173615, 482, 37, -972, 7280, 5670, 28000, 85, -285, -181, 985.15, 14.25
1173655, 353, 48, -795, 2800, 6860, 32620, 79, -291, -201, 985.16, 14.25
1173695, 479, 21, -1225, -210, 7490, 35560, 72, -292, -196, 985.23, 14.25
1173735, 381, 52, -843, -2310, 7980, 38430, 69, -303, -204, 985.15, 14.26
1173775, 309, 43, -1024, -7910, 6790, 40110, 91, -306, -193, 985.16, 14.26
1173815, 408, 7, -1024, -8330, 8750, 41790, 109, -310, -198, 985.23, 14.26
1173855, 380, 84, -835, -12320, 12810, 43890, 106, -322, -204, 985.14, 14.26
1173895, 450, -68, -970, -15190, 13440, 45150, 102, -321, -216, 985.13, 14.26
1173935, 392, -28, -997, -16590, 14000, 43750, 109, -325, -216, 985.15, 14.25
1173975, 458, -4, -890, -17780, 16240, 42490, 112, -334, -237, 985.11, 14.26
1174015, 280, -85, -1084, -18200, 13370, 40600, 121, -334, -226, 985.08, 14.25
1174055, 464, 122, -788, -18410, 16660, 37800, 129, -334, -223, 985.12, 14.25
1174095, 303, -36, -965, -19670, 14490, 43750, 145, -342, -220, 985.17, 14.25
1174135, 365, -28, -1151, -20160, 12880, 40600, 165, -354, -226, 985.13, 14.25
1174175, 426, 43, -796, -21490, 17290, 41440, 165, -351, -241, 985.16, 14.25
1174215, 373, -84, -984, -22680, 12880, 38150, 157, -363, -247, 985.12, 14.25
1174255, 371, -37, -915, -21000, 14280, 37240, 159, -366, -237, 985.14, 14.26
1174295, 342, -43, -872, -20580, 12810, 37170, 156, -369, -231, 985.22, 14.26
1174335, 423, -19, -834, -20440, 12600, 37100, 163, -375, -237, 985.21, 14.26
1174375, 351, -30, -1065, -21770, 11270, 36750, 168, -373, -235, 985.21, 14.26
1174415, 366, 34, -1096, -22120, 11340, 36260, 171, -366, -243, 985.21, 14.26
1174455, 410, 43, -923, -25690, 14490, 37310, 165, -370, -228, 985.11, 14.26
1174495, 373, 111, -894, -28700, 13580, 38360, 180, -372, -240, 985.18, 14.26
1174535, 326, -28, -946, -30030, 11830, 41020, 165, -367, -225, 985.21, 14.26
1174575, 431, 64, -995, -34160, 13440, 41370, 169, -349, -202, 985.15, 14.26
1174615, 348, -35, -1085, -37030, 14350, 42840, 184, -348, -184, 985.16, 14.26
1174655, 449, 62, -891, -42490, 16520, 41370, 193, -348, -163, 985.17, 14.25
1174695, 330, 41, -931, -45710, 14420, 42000, 214, -346, -163, 985.17, 14.25
1174735, 350, -88, -1122, -45780, 11760, 40390, 219, -340, -163, 985.16, 14.24
1174775, 399, -14, -738, -47810, 14280, 35490, 223, -328, -139, 985.20, 14.24
1174815, 289, -78, -880, -48930, 10640, 32830, 219, -330, -132, 985.12, 14.23
1174855, 379, -111, -770, -48230, 9380, 27440, 217, -319, -118, 985.14, 14.23
1174895, 359, -53, -1061, -47950, 6090, 22890, 228, -309, -100, 985.18, 14.23
1174935, 440, -14, -748, -47180, 4340, 19110, 238, -306, -84, 985.12, 14.23
1174975, 300, -53, -975, -45780, 1260, 15680, 253, -294, -76, 985.14, 14.23
1175015, 420, -54, -791, -44310, 2310, 10990, 240, -283, -76, 985.18, 14.23
1175055, 310, -61, -921, -41300, -210, 5530, 252, -261, -67, 985.15, 14.24
1175095, 393, -145, -862, -39130, 350, 1750, 249, -256, -61, 985.11, 14.23
1175135, 421, -104, -804, -36750, 1330, -4760, 240, -243, -57, 985.15, 14.23
1175175, 355, -105, -847, -33810, 700, -9730, 232, -238, -49, 985.11, 14.22
1175215, 454, -94, -791, -29260, 1470, -15890, 226, -229, -33, 985.13, 14.21
1175255, 405, -165, -922, -24010, -490, -20090, 226, -225, -28, 985.14, 14.21
1175295, 401, -212, -922, -20790, 1540, -25830, 240, -219, -25, 985.17, 14.20
1175335, 414, -154, -868, -19880, 2870, -31850, 246, -204, -24, 985.10, 14.20
1175375, 366, -128, -883, -17990, 3780, -35840, 229, -187, -30, 985.10, 14.20
1175415, 440, -68, -964, -14280, 4480, -39970, 216, -183, -28, 985.10, 14.19
1175455, 307, -5, -1004, -9590, 5880, -43330, 202, -175, -28, 985.11, 14.18
1175495, 286, -131, -832, -4130, 7350, -45360, 192, -178, -21, 985.11, 14.15
1175535, 322, -63, -1147, -1190, 6300, -48160, 192, -177, -19, 985.14, 14.16
1175575, 437, -86, -774, 4760, 11480, -50890, 196, -157, -21, 985.09, 14.16
1175615, 478, 0, -873, 9800, 10780, -53410, 184, -160, -25, 985.10, 14.14
1175655, 442, 49, -1211, 10920, 9520, -53060, 165, -150, -31, 985.10, 14.15
1175695, 497, 46, -835, 17850, 16590, -54810, 168, -145, -36, 985.13, 14.14
1175735, 343, 134, -806, 21980, 15050, -54950, 154, -145, -58, 985.11, 14.14
1175775, 319, 22, -1268, 22120, 11200, -50050, 136, -147, -55, 985.14, 14.15
1175815, 389, 0, -686, 20300, 14980, -46550, 120, -139, -40, 985.19, 14.14
1175855, 258, 44, -992, 17500, 9170, -43610, 120, -138, -42, 985.12, 14.13
1175895, 435, -48, -863, 12250, 10430, -42000, 126, -132, -37, 985.16, 14.11
1175935, 289, -20, -1045, 10780, 14000, -43260, 130, -127, -42, 985.14, 14.10
1175975, 339, -97, -1259, 10150, 9800, -45920, 117, -123, -55, 985.19, 14.11
1176015, 395, -94, -706, 9730, 13440, -46620, 111, -117, -60, 985.13, 14.09
1176055, 210, -130, -1166, 13650, 11690, -51240, 94, -102, -60, 985.14, 14.09
1176095, 325, -4, -1065, 13370, 11830, -54180, 79, -99, -57, 985.15, 14.10
1176135, 417, -134, -872, 18340, 16450, -56840, 85, -94, -60, 985.16, 14.10
1176175, 321, 37, -1081, 20230, 15540, -59990, 85, -85, -61, 985.11, 14.11
1176215, 458, 12, -823, 19810, 18690, -57260, 75, -78, -78, 985.06, 14.12
1176255, 340, 94, -1095, 19950, 16520, -53970, 70, -75, -75, 985.11, 14.12
1176295, 305, -52, -896, 17990, 17220, -50190, 67, -64, -84, 985.17, 14.13
1176335, 291, -101, -1022, 19460, 16450, -53130, 52, -55, -96, 985.16, 14.12
1176375, 320, -52, -1101, 22540, 17010, -56910, 36, -54, -106, 985.15, 14.13
1176415, 353, -17, -1062, 26320, 20860, -58940, 34, -48, -94, 985.13, 14.12
1176455, 385, 3, -1072, 31640, 23870, -59360, 33, -37, -88, 985.07, 14.11
1176495, 292, 59, -1012, 34370, 22680, -61670, 33, -31, -102, 985.12, 14.10
1176535, 356, -35, -1020, 37590, 24010, -58240, 31, -31, -112, 985.17, 14.10
1176575, 264, -49, -1060, 39550, 23100, -58730, 22, -18, -124, 985.14, 14.08
1176615, 340, 2, -824, 39690, 24080, -58940, -3, -15, -124, 985.11, 14.08
1176655, 306, 123, -1009, 38780, 23100, -54950, -1, -13, -117, 985.10, 14.09
1176695, 405, 53, -857, 35420, 20370, -47600, 4, -10, -126, 985.09, 14.11
1176735, 259, 80, -1007, 30870, 13790, -44590, -3, 6, -115, 985.09, 14.12
1176775, 304, -9, -938, 27720, 12040, -40250, 3, -3, -124, 985.12, 14.14
1176815, 329, 23, -981, 24010, 10990, -39620, -1, 9, -124, 985.13, 14.13
1176855, 388, -15, -833, 24010, 12670, -36680, -3, 15, -133, 985.11, 14.13
1176895, 355, -1, -784, 22050, 10920, -37310, -7, 30, -144, 985.14, 14.14
1176935, 283, 2, -1174, 20650, 7840, -37800, -15, 25, -141, 985.18, 14.15
1176975, 417, -54, -765, 22400, 9800, -37730, -12, 28, -135, 985.19, 14.15
1177015, 354, 15, -864, 22120, 8260, -39550, -10, 30, -124, 985.19, 14.16
1177055, 303, 1, -1111, 21700, 6580, -39060, -10, 45, -127, 985.12, 14.17
1177095, 427, 2, -948, 21280, 9170, -37870, 4, 43, -136, 985.12, 14.18
1177135, 359, 94, -858, 22190, 10220, -37450, -6, 51, -148, 985.12, 14.19
1177175, 375, 8, -912, 21420, 9730, -34510, 0, 60, -148, 985.12, 14.21
1177215, 350, 14, -1004, 20370, 8750, -34510, -9, 61, -141, 985.14, 14.22
1177255, 364, 68, -918, 18690, 7840, -33320, -9, 63, -141, 985.14, 14.22
1177295, 371, 37, -931, 17710, 10360, -30520, -7, 69, -150, 985.12, 14.23
1177335, 389, 5, -783, 17850, 12810, -30240, 6, 64, -133, 985.10, 14.23
1177375, 404, 62, -991, 15890, 10640, -29750, 3, 66, -136, 985.14, 14.25
1177415, 362, 17, -925, 12950, 9240, -28630, 6, 82, -142, 985.11, 14.25
1177455, 390, 52, -905, 12460, 9730, -27860, 0, 76, -145, 985.09, 14.25
1177495, 368, 33, -961, 10920, 9030, -26460, 4, 88, -159, 985.14, 14.26
1177535, 347, 26, -854, 9450, 9310, -25760, -3, 96, -166, 985.17, 14.27
1177575, 415, -58, -936, 8960, 8120, -28840, -3, 93, -159, 985.15, 14.27
1177615, 312, 0, -888, 9310, 6580, -29260, -4, 106, -156, 985.15, 14.26
1177655, 423, -28, -834, 10080, 8260, -32900, 6, 112, -147, 985.17, 14.27
1177695, 340, -71, -1060, 11830, 6510, -34300, 15, 114, -147, 985.15, 14.27
1177735, 376, -66, -963, 13580, 8680, -36750, 16, 129, -156, 985.10, 14.27
1177775, 472, -112, -934, 15960, 10920, -39690, 22, 130, -165, 985.11, 14.27
1177815, 306, 15, -982, 17290, 10570, -41580, 18, 141, -159, 985.10, 14.28
1177855, 388, 19, -915, 18060, 11410, -40390, 21, 130, -153, 985.11, 14.26
1177895, 318, -6, -838, 20160, 11760, -40110, 25, 141, -142, 985.16, 14.25
1177935, 399, -2, -969, 20020, 11060, -39480, 31, 150, -147, 985.10, 14.26
1177975, 356, 44, -870, 18760, 8960, -37520, 42, 153, -144, 985.12, 14.26
1178015, 373, 29, -912, 18550, 8260, -35980, 57, 157, -153, 985.17, 14.27
1178055, 332, -19, -1096, 17080, 6160, -33880, 45, 153, -157, 985.11, 14.27
1178095, 429, -80, -922, 18200, 8820, -35210, 58, 166, -147, 985.11, 14.26
1178135, 331, -11, -874, 18550, 7770, -36540, 54, 169, -156, 985.13, 14.27
1178175, 323, 28, -1010, 17780, 5810, -36260, 58, 169, -147, 985.13, 14.27
1178215, 341, -55, -904, 18900, 8400, -35560, 51, 177, -151, 985.16, 14.27
1178255, 415, -27, -921, 21140, 9730, -37310, 60, 180, -133, 985.15, 14.26
1178295, 399, 72, -910, 20510, 10500, -36610, 84, 178, -139, 985.16, 14.25
1178335, 380, 1, -950, 20650, 10780, -33670, 82, 175, -138, 985.14, 14.25
1178375, 429, 0, -953, 20160, 11060, -32760, 84, 186, -136, 985.18, 14.25
1178415, 326, 41, -1053, 20300, 10360, -32690, 85, 190, -133, 985.20, 14.26
1178455, 354, 31, -734, 19600, 12180, -30030, 87, 195, -138, 985.15, 14.26
1178495, 404, -22, -1030, 17990, 9310, -28560, 96, 195, -127, 985.14, 14.25
1178535, 372, 7, -832, 16940, 9170, -28910, 93, 189, -126, 985.12, 14.23
1178575, 360, 87, -906, 16730, 6930, -28980, 103, 189, -121, 985.10, 14.24
1178615, 400, -1, -851, 16170, 7350, -24500, 102, 196, -130, 985.05, 14.24
1178655, 321, -15, -922, 15190, 5670, -25620, 111, 193, -121, 985.14, 14.25
1178695, 371, 32, -1018, 13370, 3780, -25690, 120, 199, -117, 985.17, 14.25
1178735, 466, 12, -927, 14420, 5740, -23660, 114, 199, -135, 985.14, 14.26
1178775, 312, -33, -924, 13370, 3290, -23800, 121, 198, -126, 985.17, 14.26
1178815, 460, -12, -891, 12530, 4620, -25060, 126, 201, -112, 985.13, 14.27
1178855, 288, 19, -872, 11760, 3640, -25410, 126, 198, -111, 985.17, 14.27
1178895, 417, 26, -894, 11830, 4130, -23800, 142, 198, -102, 985.21, 14.27
1178935, 409, -27, -838, 11690, 5670, -23520, 151, 196, -105, 985.20, 14.27
1178975, 433, 31, -977, 10290, 6370, -24220, 154, 204, -112, 985.17, 14.27
1179015, 358, -38, -821, 10850, 5530, -23730, 154, 205, -115, 985.14, 14.27
1179055, 325, 48, -1070, 9800, 3500, -24570, 157, 202, -109, 985.14, 14.27
1179095, 436, -66, -920, 11060, 6300, -23520, 151, 210, -118, 985.13, 14.27
1179135, 396, -3, -911, 10780, 6650, -25480, 169, 210, -93, 985.19, 14.26
1179175, 391, 15, -834, 10500, 7210, -25200, 171, 208, -103, 985.20, 14.26
1179215, 382, -21, -867, 11130, 5810, -25550, 184, 207, -99, 985.21, 14.27
1179255, 363, 8, -1029, 10850, 4760, -25620, 183, 207, -97, 985.22, 14.27
1179295, 433, -26, -815, 10570, 4830, -26180, 177, 207, -96, 985.15, 14.28
1179335, 370, 5, -1008, 9940, 3430, -25270, 189, 213, -103, 985.15, 14.28
1179375, 446, -22, -883, 10850, 5110, -24920, 196, 219, -103, 985.15, 14.28
1179415, 327, 22, -912, 10710, 4970, -25480, 190, 220, -106, 985.17, 14.29
1179455, 377, 12, -754, 10080, 4270, -24990, 195, 219, -100, 985.15, 14.28
1179495, 337, -47, -1132, 10500, 2380, -25130, 210, 211, -85, 985.22, 14.29
1179535, 521, 18, -880, 9940, 6020, -26250, 207, 205, -79, 985.15, 14.29
1179575, 358, -12, -938, 11060, 7910, -26670, 225, 213, -90, 985.18, 14.29
1179615, 427, -27, -842, 11410, 8960, -27020, 226, 223, -90, 985.11, 14.30
1179655, 336, -29, -831, 11620, 7630, -26740, 222, 216, -87, 985.12, 14.30
1179695, 321, 57, -989, 10220, 3150, -27860, 228, 217, -90, 985.17, 14.30
1179735, 361, 40, -969, 10150, 4900, -25620, 232, 208, -85, 985.16, 14.30
1179775, 454, -83, -916, 11480, 8470, -25620, 237, 204, -78, 985.19, 14.31
1179815, 432, -27, -865, 11690, 8960, -28630, 255, 207, -81, 985.16, 14.31
1179855, 329, 82, -957, 9940, 4760, -27860, 258, 216, -75, 985.12, 14.31
1179895, 358, 0, -933, 9940, 5040, -24990, 262, 213, -84, 985.11, 14.32
1179935, 371, -62, -945, 9380, 5810, -26110, 262, 214, -76, 985.15, 14.32
1179975, 434, 14, -825, 9380, 6650, -28210, 265, 216, -79, 985.15, 14.32
1180015, 380, 25, -840, 9100, 6510, -27300, 277, 225, -81, 985.19, 14.32
1180055, 375, -66, -887, 8540, 5320, -26320, 273, 225, -93, 985.17, 14.32
1180095, 290, 34, -974, 8120, 3220, -28210, 268, 213, -79, 985.20, 14.32
1180135, 455, -51, -1040, 8120, 3920, -27790, 274, 214, -66, 985.17, 14.33
1180175, 410, 15, -965, 9520, 6440, -30450, 298, 210, -63, 985.20, 14.33
1180215, 351, 7, -871, 9590, 6790, -29050, 303, 213, -70, 985.12, 14.33
1180255, 377, -109, -836, 11690, 6370, -30100, 310, 216, -67, 985.11, 14.32
1180295, 351, -21, -974, 12180, 5600, -33320, 313, 217, -72, 985.13, 14.32
1180335, 396, -21, -929, 13580, 8190, -34650, 324, 211, -73, 985.14, 14.32
1180375, 390, -28, -958, 15960, 10010, -35280, 316, 207, -57, 985.11, 14.32
1180415, 447, -16, -918, 17990, 11270, -35490, 336, 205, -51, 985.19, 14.32
1180455, 323, -68, -1009, 19110, 9940, -36470, 345, 196, -49, 985.17, 14.32
1180495, 376, 24, -1001, 19670, 8260, -38080, 345, 196, -49, 985.22, 14.31
1180535, 352, -19, -896, 20580, 10360, -35490, 342, 198, -45, 985.19, 14.31
1180575, 332, 1, -897, 21490, 9170, -35700, 355, 202, -42, 985.20, 14.30
1180615, 403, -87, -915, 22120, 9730, -34790, 364, 196, -34, 985.23, 14.29
1180655, 392, -16, -899, 23590, 8540, -37240, 366, 184, -40, 985.22, 14.29
1180695, 384, 8, -983, 23800, 7770, -36260, 355, 174, -33, 985.17, 14.29
1180735, 330, -48, -861, 25550, 7840, -33530, 369, 174, -19, 985.17, 14.29
1180775, 333, -53, -1014, 26110, 6230, -35840, 376, 163, -12, 985.19, 14.28
1180815, 368, 49, -997, 26740, 5880, -35000, 388, 154, -9, 985.15, 14.29
1180855, 377, -52, -908, 28210, 7280, -31850, 399, 145, -7, 985.11, 14.29
1180895, 376, -25, -950, 28420, 6790, -32060, 390, 135, -13, 985.12, 14.29
1180935, 364, -13, -915, 29260, 6790, -31780, 390, 135, 0, 985.18, 14.28
1180975, 371, 41, -851, 29890, 5460, -26460, 393, 123, 10, 985.14, 14.28
1181015, 441, 39, -848, 28210, 6230, -22890, 408, 123, 10, 985.15, 14.29
1181055, 384, 34, -934, 26880, 5320, -20580, 402, 105, 16, 985.16, 14.30
1181095, 372, 109, -837, 23800, 4690, -16730, 406, 97, 31, 985.17, 14.30
1181135, 391, 24, -938, 22610, 4690, -12600, 421, 90, 27, 985.19, 14.29
1181175, 395, 36, -839, 20650, 3990, -10360, 424, 87, 30, 985.20, 14.31
1181215, 332, 42, -908, 17920, 560, -7350, 415, 75, 33, 985.14, 14.31
1181255, 406, 33, -961, 15680, 350, -6090, 415, 78, 25, 985.17, 14.31
1181295, 399, -2, -782, 14910, 1890, -4270, 411, 76, 33, 985.14, 14.30
1181335, 381, 17, -922, 13160, -350, -3920, 406, 67, 33, 985.18, 14.31
1181375, 421, 75, -870, 12180, -210, -1750, 400, 55, 25, 985.23, 14.31
1181415, 371, -13, -826, 10570, 420, 1330, 402, 60, 33, 985.22, 14.31
1181455, 384, 23, -897, 7840, -70, 2170, 403, 52, 39, 985.22, 14.31
1181495, 418, 31, -895, 4970, -840, 3500, 402, 52, 43, 985.16, 14.31
1181535, 415, -3, -829, 3080, -1050, 5110, 415, 51, 45, 985.21, 14.31
1181575, 312, 27, -970, -210, -1680, 6020, 417, 57, 48, 985.14, 14.31
1181615, 300, -6, -884, -1400, -980, 7280, 417, 46, 36, 985.17, 14.30
1181655, 341, -5, -1011, -3220, -1540, 7140, 411, 45, 34, 985.17, 14.30
1181695, 318, 35, -789, -3780, -70, 6510, 415, 57, 40, 985.14, 14.30
1181735, 334, 109, -993, -5810, -2380, 7980, 414, 51, 36, 985.15, 14.30
1181775, 329, 61, -868, -5320, -980, 10290, 418, 64, 51, 985.16, 14.30
1181815, 279, -84, -999, -3710, -1610, 9310, 421, 52, 36, 985.19, 14.31
1181855, 339, -156, -941, -2520, 630, 5530, 421, 49, 46, 985.14, 14.31
1181895, 271, -115, -941, -210, 1260, 140, 421, 45, 40, 985.19, 14.31
1181935, 290, -59, -922, 770, 2800, -2660, 421, 45, 48, 985.15, 14.31
1181975, 271, 2, -891, 1330, 2380, -3220, 430, 46, 42, 985.15, 14.30
1182015, 265, 44, -1000, 2520, 1400, -2520, 412, 46, 34, 985.12, 14.31
1182055, 310, 43, -976, 3080, 980, -1820, 414, 48, 42, 985.17, 14.31
1182095, 295, 15, -907, 3500, 630, 630, 418, 49, 40, 985.12, 14.32
1182135, 244, 8, -976, 2800, -210, 560, 414, 46, 25, 985.16, 14.32
1182175, 292, 63, -921, 2520, -420, 1190, 412, 45, 31, 985.15, 14.33
1182215, 329, 1, -967, 1330, 630, 4340, 400, 37, 33, 985.14, 14.32
1182255, 247, -30, -888, 1050, 1400, 4060, 403, 46, 40, 985.17, 14.33
1182295, 259, -14, -960, 770, 0, 4480, 411, 37, 45, 985.21, 14.33
1182335, 155, -52, -1013, -490, -1960, 5530, 412, 36, 45, 985.24, 14.33
1182375, 159, -70, -937, -770, -1680, 4340, 412, 36, 49, 985.19, 14.33
1182415, 181, -90, -1017, -210, -3150, 2520, 417, 42, 52, 985.14, 14.33
1182455, 139, -58, -1003, -1610, -4130, 1960, 426, 37, 45, 985.15, 14.34
1182495, 224, -49, -993, -1750, -910, 910, 435, 34, 48, 985.14, 14.34
1182535, 188, 22, -1026, -630, 560, 210, 436, 40, 54, 985.16, 14.34
1182575, -12, 33, -958, 2030, 0, -350, 424, 34, 45, 985.15, 14.34
1182615, 18, 14, -1115, 2660, -770, 980, 426, 31, 40, 985.23, 14.35
1182655, 31, -69, -961, 3710, -3290, -140, 426, 31, 30, 985.25, 14.35
1182695, 16, 4, -1120, 3780, -4060, 1820, 432, 36, 34, 985.21, 14.35
1182735, 33, -31, -1079, 3150, -1890, 3150, 436, 37, 37, 985.21, 14.35
1182775, 147, -77, -1083, 3290, 840, 2870, 420, 37, 36, 985.19, 14.35
1182815, 27, -118, -1018, 3010, 1680, 2380, 426, 31, 37, 985.19, 14.35
1182855, -60, 0, -1111, 2100, 140, 1400, 435, 27, 39, 985.21, 14.35
1182895, 58, -73, -1043, 1820, 910, 2800, 420, 33, 46, 985.15, 14.35
1182935, 417, -66, -921, 1820, 3500, 2310, 432, 25, 40, 985.14, 14.36
1182975, 381, -61, -1038, 840, 5460, 2170, 417, 21, 40, 985.18, 14.36
1183015, 269, -126, -1026, 700, 8540, 2100, 414, 27, 39, 985.15, 14.37
1183055, 394, -55, -1026, 1050, 11130, 700, 408, 24, 39, 985.18, 14.37
1183095, 435, -111, -809, 490, 12950, 1050, 402, 33, 45, 985.18, 14.38
1183135, 424, -121, -763, -910, 11480, 630, 390, 28, 36, 985.17, 14.39
1183175, 444, -79, -765, -1540, 8890, -140, 382, 21, 37, 985.22, 14.39
1183215, 350, -14, -666, -2800, 6020, -350, 382, 33, 37, 985.15, 14.39
1183255, 397, -22, -824, -2450, 1120, 490, 393, 31, 37, 985.17, 14.39
1183295, 592, -8, -843, -1540, 210, 630, 391, 22, 31, 985.23, 14.39
1183335, 608, -71, -780, -1540, 1190, 1890, 387, 33, 40, 985.17, 14.40
1183375, 550, -99, -823, -1400, 630, 1750, 397, 27, 40, 985.17, 14.40
1183415, 518, -60, -809, -1750, 630, 770, 388, 31, 43, 985.21, 14.40
1183455, 511, -49, -836, -1680, 420, 910, 394, 34, 46, 985.19, 14.41
1183495, 507, -34, -838, -1330, 140, 700, 390, 33, 43, 985.17, 14.42
1183535, 475, -22, -860, -630, -280, 490, 391, 30, 37, 985.18, 14.42
1183575, 458, -18, -833, 560, -420, 910, 390, 31, 49, 985.18, 14.44
1183615, 436, -76, -869, 1120, -630, 1400, 400, 39, 42, 985.20, 14.44
1183655, 422, -23, -854, 1050, -560, 980, 388, 37, 48, 985.15, 14.44
1183695, 417, -42, -820, 1330, -770, 1820, 393, 25, 34, 985.19, 14.44
1183735, 403, -52, -862, 280, -1680, 2520, 400, 31, 43, 985.16, 14.44
1183775, 420, -97, -912, -630, -1820, 3500, 393, 30, 43, 985.20, 14.44
1183815, 415, -97, -888, -1260, -1050, 2940, 394, 24, 42, 985.17, 14.44
1183855, 399, -112, -906, -2100, -630, 2800, 390, 21, 43, 985.16, 14.44
1183895, 385, -124, -902, -2590, -140, 2170, 393, 33, 40, 985.15, 14.44
1183935, 403, -93, -890, -2870, 210, 980, 399, 31, 37, 985.16, 14.45
1183975, 415, -92, -865, -2800, 420, 280, 394, 18, 34, 985.17, 14.45
1184015, 432, -84, -869, -2800, 350, -560, 403, 33, 37, 985.16, 14.46
1184055, 447, -59, -855, -2450, 420, -1260, 393, 27, 39, 985.20, 14.46
1184095, 455, -43, -857, -2310, 420, -1330, 393, 34, 43, 985.15, 14.46
1184135, 449, -31, -860, -1960, 420, -1120, 396, 34, 42, 985.16, 14.46
1184175, 434, -33, -862, -1750, 420, -630, 397, 31, 45, 985.14, 14.48
1184215, 434, -25, -868, -1820, 420, -70, 403, 28, 39, 985.16, 14.48
1184255, 439, -21, -866, -1260, 280, 140, 396, 27, 39, 985.11, 14.49
1184295, 443, -23, -875, -1050, 210, 560, 400, 28, 40, 985.15, 14.49
1184335, 432, -39, -863, -700, 280, 1540, 400, 46, 37, 985.19, 14.51
1184375, 424, -63, -867, -910, 280, 1470, 397, 33, 43, 985.21, 14.51
1184415, 425, -67, -869, -700, 280, 1470, 387, 28, 37, 985.20, 14.52
1184455, 430, -68, -869, -700, 350, 1050, 385, 30, 46, 985.22, 14.52
1184495, 429, -52, -866, -630, 420, 770, 399, 31, 36, 985.17, 14.52
1184535, 428, -58, -868, -630, 420, 910, 399, 34, 42, 985.21, 14.53
1184575, 433, -46, -871, -700, 420, 910, 391, 28, 40, 985.19, 14.54
1184615, 429, -48, -866, -630, 420, 1120, 399, 28, 36, 985.17, 14.55
1184655, 429, -66, -865, -490, 420, 1190, 390, 31, 42, 985.22, 14.54
1184695, 443, -53, -864, -490, 350, 840, 399, 27, 39, 985.24, 14.56
1184735, 442, -52, -862, -280, 420, 910, 391, 34, 40, 985.15, 14.55
1184775, 435, -60, -866, -350, 350, 1050, 393, 27, 34, 985.13, 14.56
1184815, 434, -50, -866, -280, 420, 980, 391, 31, 37, 985.12, 14.56
1184855, 432, -55, -865, -420, 420, 1190, 405, 19, 39, 985.10, 14.58
1184895, 435, -59, -865, -420, 420, 1260, 396, 33, 39, 985.11, 14.58
1184935, 438, -61, -864, -420, 420, 1120, 388, 27, 42, 985.16, 14.59
